0.876688,0.962319	0.99	1.30665
0.111244,0.732817	0.99	1.30665
0.5392,0.288405	0.99	1.30665
0.933404,0.236514	0.99	1.30665
0.876688,0.962319	0.9801	1.30665
0.933404,0.236514	0.9801	1.30665
0.5392,0.288405	0.9801	1.30665
0.111244,0.732817	0.9801	1.30665
0.933404,0.236514	0.970299	1.51228
0.111244,0.732817	0.970299	1.51228
0.876688,0.962319	0.970299	1.51228
0.5392,0.288405	0.970299	1.51228
0.111244,0.732817	0.960596	1.30665
0.876688,0.962319	0.960596	1.30665
0.933404,0.236514	0.960596	1.30665
0.5392,0.288405	0.960596	1.30665
0.111244,0.732817	0.95099	1.30665
0.5392,0.288405	0.95099	1.30665
0.933404,0.236514	0.95099	1.30665
0.876688,0.962319	0.95099	1.30665
0.111244,0.732817	0.94148	1.51228
0.876688,0.962319	0.94148	1.51228
0.5392,0.288405	0.94148	1.51228
0.933404,0.236514	0.94148	1.51228
0.933404,0.236514	0.932065	1.51228
0.5392,0.288405	0.932065	1.51228
0.876688,0.962319	0.932065	1.51228
0.111244,0.732817	0.932065	1.51228
0.111244,0.732817	0.922745	1.51228
0.876688,0.962319	0.922745	1.51228
0.5392,0.288405	0.922745	1.51228
0.933404,0.236514	0.922745	1.51228
0.5392,0.288405	0.913517	1.54951
0.876688,0.962319	0.913517	1.54951
0.933404,0.236514	0.913517	1.54951
0.111244,0.732817	0.913517	1.54951
0.933404,0.236514	0.904382	1.54951
0.111244,0.732817	0.904382	1.54951
0.5392,0.288405	0.904382	1.54951
0.876688,0.962319	0.904382	1.54951
0.5392,0.288405	0.895338	1.54951
0.876688,0.962319	0.895338	1.54951
0.933404,0.236514	0.895338	1.54951
0.111244,0.732817	0.895338	1.54951
0.933404,0.236514	0.886385	1.51228
0.5392,0.288405	0.886385	1.51228
0.876688,0.962319	0.886385	1.51228
0.111244,0.732817	0.886385	1.51228
0.5392,0.288405	0.877521	1.51228
0.876688,0.962319	0.877521	1.51228
0.111244,0.732817	0.877521	1.51228
0.933404,0.236514	0.877521	1.51228
0.876688,0.962319	0.868746	1.54951
0.933404,0.236514	0.868746	1.54951
0.111244,0.732817	0.868746	1.54951
0.5392,0.288405	0.868746	1.54951
0.111244,0.732817	0.860058	1.30665
0.876688,0.962319	0.860058	1.30665
0.933404,0.236514	0.860058	1.30665
0.5392,0.288405	0.860058	1.30665
0.111244,0.732817	0.851458	1.30665
0.5392,0.288405	0.851458	1.30665
0.933404,0.236514	0.851458	1.30665
0.876688,0.962319	0.851458	1.30665
0.111244,0.732817	0.842943	1.30665
0.5392,0.288405	0.842943	1.30665
0.933404,0.236514	0.842943	1.30665
0.876688,0.962319	0.842943	1.30665
0.5392,0.288405	0.834514	1.54951
0.111244,0.732817	0.834514	1.54951
0.933404,0.236514	0.834514	1.54951
0.876688,0.962319	0.834514	1.54951
0.933404,0.236514	0.826169	1.30665
0.876688,0.962319	0.826169	1.30665
0.111244,0.732817	0.826169	1.30665
0.5392,0.288405	0.826169	1.30665
0.876688,0.962319	0.817907	1.51228
0.111244,0.732817	0.817907	1.51228
0.933404,0.236514	0.817907	1.51228
0.5392,0.288405	0.817907	1.51228
0.876688,0.962319	0.809728	1.30665
0.933404,0.236514	0.809728	1.30665
0.5392,0.288405	0.809728	1.30665
0.111244,0.732817	0.809728	1.30665
0.111244,0.732817	0.801631	1.54951
0.5392,0.288405	0.801631	1.54951
0.876688,0.962319	0.801631	1.54951
0.933404,0.236514	0.801631	1.54951
0.5392,0.288405	0.793614	1.30665
0.111244,0.732817	0.793614	1.30665
0.876688,0.962319	0.793614	1.30665
0.933404,0.236514	0.793614	1.30665
0.111244,0.732817	0.785678	1.51228
0.876688,0.962319	0.785678	1.51228
0.5392,0.288405	0.785678	1.51228
0.933404,0.236514	0.785678	1.51228
0.111244,0.732817	0.777821	1.54951
0.5392,0.288405	0.777821	1.54951
0.876688,0.962319	0.777821	1.54951
0.933404,0.236514	0.777821	1.54951
0.5392,0.288405	0.770043	1.30665
0.111244,0.732817	0.770043	1.30665
0.876688,0.962319	0.770043	1.30665
0.933404,0.236514	0.770043	1.30665
0.933404,0.236514	0.762343	1.30665
0.5392,0.288405	0.762343	1.30665
0.111244,0.732817	0.762343	1.30665
0.876688,0.962319	0.762343	1.30665
0.933404,0.236514	0.754719	1.30665
0.876688,0.962319	0.754719	1.30665
0.111244,0.732817	0.754719	1.30665
0.5392,0.288405	0.754719	1.30665
0.876688,0.962319	0.747172	1.51228
0.111244,0.732817	0.747172	1.51228
0.933404,0.236514	0.747172	1.51228
0.5392,0.288405	0.747172	1.51228
0.933404,0.236514	0.7397	1.51228
0.111244,0.732817	0.7397	1.51228
0.876688,0.962319	0.7397	1.51228
0.5392,0.288405	0.7397	1.51228
0.5392,0.288405	0.732303	1.54951
0.111244,0.732817	0.732303	1.54951
0.933404,0.236514	0.732303	1.54951
0.876688,0.962319	0.732303	1.54951
0.876688,0.962319	0.72498	1.30665
0.111244,0.732817	0.72498	1.30665
0.5392,0.288405	0.72498	1.30665
0.933404,0.236514	0.72498	1.30665
0.933404,0.236514	0.717731	1.51228
0.5392,0.288405	0.717731	1.51228
0.876688,0.962319	0.717731	1.51228
0.111244,0.732817	0.717731	1.51228
0.5392,0.288405	0.710553	1.54951
0.111244,0.732817	0.710553	1.54951
0.933404,0.236514	0.710553	1.54951
0.876688,0.962319	0.710553	1.54951
0.111244,0.732817	0.703448	1.54951
0.5392,0.288405	0.703448	1.54951
0.876688,0.962319	0.703448	1.54951
0.933404,0.236514	0.703448	1.54951
0.5392,0.288405	0.696413	1.30665
0.933404,0.236514	0.696413	1.30665
0.876688,0.962319	0.696413	1.30665
0.111244,0.732817	0.696413	1.30665
0.933404,0.236514	0.689449	1.54951
0.111244,0.732817	0.689449	1.54951
0.5392,0.288405	0.689449	1.54951
0.876688,0.962319	0.689449	1.54951
0.5392,0.288405	0.682555	1.54951
0.876688,0.962319	0.682555	1.54951
0.933404,0.236514	0.682555	1.54951
0.111244,0.732817	0.682555	1.54951
0.876688,0.962319	0.675729	1.54951
0.933404,0.236514	0.675729	1.54951
0.111244,0.732817	0.675729	1.54951
0.5392,0.288405	0.675729	1.54951
0.111244,0.732817	0.668972	1.30665
0.5392,0.288405	0.668972	1.30665
0.933404,0.236514	0.668972	1.30665
0.876688,0.962319	0.668972	1.30665
0.933404,0.236514	0.662282	1.51228
0.5392,0.288405	0.662282	1.51228
0.876688,0.962319	0.662282	1.51228
0.111244,0.732817	0.662282	1.51228
0.933404,0.236514	0.655659	1.54951
0.876688,0.962319	0.655659	1.54951
0.5392,0.288405	0.655659	1.54951
0.111244,0.732817	0.655659	1.54951
0.876688,0.962319	0.649103	1.30665
0.933404,0.236514	0.649103	1.30665
0.5392,0.288405	0.649103	1.30665
0.111244,0.732817	0.649103	1.30665
0.111244,0.732817	0.642612	1.54951
0.933404,0.236514	0.642612	1.54951
0.876688,0.962319	0.642612	1.54951
0.5392,0.288405	0.642612	1.54951
0.933404,0.236514	0.636185	1.30665
0.876688,0.962319	0.636185	1.30665
0.111244,0.732817	0.636185	1.30665
0.5392,0.288405	0.636185	1.30665
0.5392,0.288405	0.629824	1.30665
0.933404,0.236514	0.629824	1.30665
0.876688,0.962319	0.629824	1.30665
0.111244,0.732817	0.629824	1.30665
0.876688,0.962319	0.623525	1.30665
0.933404,0.236514	0.623525	1.30665
0.5392,0.288405	0.623525	1.30665
0.111244,0.732817	0.623525	1.30665
0.111244,0.732817	0.61729	1.30665
0.876688,0.962319	0.61729	1.30665
0.933404,0.236514	0.61729	1.30665
0.5392,0.288405	0.61729	1.30665
0.5392,0.288405	0.611117	1.30665
0.933404,0.236514	0.611117	1.30665
0.876688,0.962319	0.611117	1.30665
0.111244,0.732817	0.611117	1.30665
0.933404,0.236514	0.605006	1.30665
0.876688,0.962319	0.605006	1.30665
0.111244,0.732817	0.605006	1.30665
0.5392,0.288405	0.605006	1.30665
0.5392,0.288405	0.598956	1.54951
0.111244,0.732817	0.598956	1.54951
0.933404,0.236514	0.598956	1.54951
0.876688,0.962319	0.598956	1.54951
0.111244,0.732817	0.592966	1.54951
0.933404,0.236514	0.592966	1.54951
0.876688,0.962319	0.592966	1.54951
0.5392,0.288405	0.592966	1.54951
0.876688,0.962319	0.587037	1.30665
0.933404,0.236514	0.587037	1.30665
0.5392,0.288405	0.587037	1.30665
0.111244,0.732817	0.587037	1.30665
0.876688,0.962319	0.581166	1.54951
0.5392,0.288405	0.581166	1.54951
0.111244,0.732817	0.581166	1.54951
0.933404,0.236514	0.581166	1.54951
0.5392,0.288405	0.575355	1.30665
0.111244,0.732817	0.575355	1.30665
0.876688,0.962319	0.575355	1.30665
0.933404,0.236514	0.575355	1.30665
0.876688,0.962319	0.569601	1.54951
0.5392,0.288405	0.569601	1.54951
0.111244,0.732817	0.569601	1.54951
0.933404,0.236514	0.569601	1.54951
0.933404,0.236514	0.563905	1.54951
0.111244,0.732817	0.563905	1.54951
0.5392,0.288405	0.563905	1.54951
0.876688,0.962319	0.563905	1.54951
0.5392,0.288405	0.558266	1.54951
0.876688,0.962319	0.558266	1.54951
0.933404,0.236514	0.558266	1.54951
0.111244,0.732817	0.558266	1.54951
0.5392,0.288405	0.552683	1.51228
0.933404,0.236514	0.552683	1.51228
0.111244,0.732817	0.552683	1.51228
0.876688,0.962319	0.552683	1.51228
0.876688,0.962319	0.547157	1.51228
0.5392,0.288405	0.547157	1.51228
0.933404,0.236514	0.547157	1.51228
0.111244,0.732817	0.547157	1.51228
0.111244,0.732817	0.541685	1.30665
0.5392,0.288405	0.541685	1.30665
0.933404,0.236514	0.541685	1.30665
0.876688,0.962319	0.541685	1.30665
0.111244,0.732817	0.536268	1.30665
0.876688,0.962319	0.536268	1.30665
0.933404,0.236514	0.536268	1.30665
0.5392,0.288405	0.536268	1.30665
0.5392,0.288405	0.530906	1.30665
0.111244,0.732817	0.530906	1.30665
0.876688,0.962319	0.530906	1.30665
0.933404,0.236514	0.530906	1.30665
0.111244,0.732817	0.525596	1.51228
0.876688,0.962319	0.525596	1.51228
0.5392,0.288405	0.525596	1.51228
0.933404,0.236514	0.525596	1.51228
0.5392,0.288405	0.520341	1.30665
0.933404,0.236514	0.520341	1.30665
0.876688,0.962319	0.520341	1.30665
0.111244,0.732817	0.520341	1.30665
0.5392,0.288405	0.515137	1.54951
0.111244,0.732817	0.515137	1.54951
0.933404,0.236514	0.515137	1.54951
0.876688,0.962319	0.515137	1.54951
0.933404,0.236514	0.509986	1.51228
0.5392,0.288405	0.509986	1.51228
0.876688,0.962319	0.509986	1.51228
0.111244,0.732817	0.509986	1.51228
0.876688,0.962319	0.504886	1.51228
0.5392,0.288405	0.504886	1.51228
0.933404,0.236514	0.504886	1.51228
0.111244,0.732817	0.504886	1.51228
0.111244,0.732817	0.499837	1.30665
0.5392,0.288405	0.499837	1.30665
0.933404,0.236514	0.499837	1.30665
0.876688,0.962319	0.499837	1.30665
0.111244,0.732817	0.494839	1.54951
0.5392,0.288405	0.494839	1.54951
0.876688,0.962319	0.494839	1.54951
0.933404,0.236514	0.494839	1.54951
0.876688,0.962319	0.48989	1.51228
0.111244,0.732817	0.48989	1.51228
0.933404,0.236514	0.48989	1.51228
0.5392,0.288405	0.48989	1.51228
0.5392,0.288405	0.484991	1.30665
0.111244,0.732817	0.484991	1.30665
0.876688,0.962319	0.484991	1.30665
0.933404,0.236514	0.484991	1.30665
0.876688,0.962319	0.480141	1.51228
0.5392,0.288405	0.480141	1.51228
0.933404,0.236514	0.480141	1.51228
0.111244,0.732817	0.480141	1.51228
0.111244,0.732817	0.47534	1.30665
0.876688,0.962319	0.47534	1.30665
0.933404,0.236514	0.47534	1.30665
0.5392,0.288405	0.47534	1.30665
0.933404,0.236514	0.470587	1.30665
0.876688,0.962319	0.470587	1.30665
0.111244,0.732817	0.470587	1.30665
0.5392,0.288405	0.470587	1.30665
0.876688,0.962319	0.465881	1.30665
0.111244,0.732817	0.465881	1.30665
0.5392,0.288405	0.465881	1.30665
0.933404,0.236514	0.465881	1.30665
0.876688,0.962319	0.461222	1.54951
0.933404,0.236514	0.461222	1.54951
0.111244,0.732817	0.461222	1.54951
0.5392,0.288405	0.461222	1.54951
0.876688,0.962319	0.45661	1.30665
0.933404,0.236514	0.45661	1.30665
0.5392,0.288405	0.45661	1.30665
0.111244,0.732817	0.45661	1.30665
0.5392,0.288405	0.452044	1.54951
0.876688,0.962319	0.452044	1.54951
0.933404,0.236514	0.452044	1.54951
0.111244,0.732817	0.452044	1.54951
0.111244,0.732817	0.447523	1.51228
0.933404,0.236514	0.447523	1.51228
0.5392,0.288405	0.447523	1.51228
0.876688,0.962319	0.447523	1.51228
0.933404,0.236514	0.443048	1.30665
0.5392,0.288405	0.443048	1.30665
0.111244,0.732817	0.443048	1.30665
0.876688,0.962319	0.443048	1.30665
0.933404,0.236514	0.438618	1.30665
0.5392,0.288405	0.438618	1.30665
0.111244,0.732817	0.438618	1.30665
0.876688,0.962319	0.438618	1.30665
0.5392,0.288405	0.434231	1.30665
0.933404,0.236514	0.434231	1.30665
0.876688,0.962319	0.434231	1.30665
0.111244,0.732817	0.434231	1.30665
0.5392,0.288405	0.429889	1.54951
0.876688,0.962319	0.429889	1.54951
0.933404,0.236514	0.429889	1.54951
0.111244,0.732817	0.429889	1.54951
0.111244,0.732817	0.42559	1.54951
0.933404,0.236514	0.42559	1.54951
0.876688,0.962319	0.42559	1.54951
0.5392,0.288405	0.42559	1.54951
0.111244,0.732817	0.421334	1.51228
0.876688,0.962319	0.421334	1.51228
0.5392,0.288405	0.421334	1.51228
0.933404,0.236514	0.421334	1.51228
0.5392,0.288405	0.417121	1.30665
0.933404,0.236514	0.417121	1.30665
0.876688,0.962319	0.417121	1.30665
0.111244,0.732817	0.417121	1.30665
0.5392,0.288405	0.41295	1.51228
0.933404,0.236514	0.41295	1.51228
0.111244,0.732817	0.41295	1.51228
0.876688,0.962319	0.41295	1.51228
0.876688,0.962319	0.40882	1.30665
0.111244,0.732817	0.40882	1.30665
0.5392,0.288405	0.40882	1.30665
0.933404,0.236514	0.40882	1.30665
0.876688,0.962319	0.404732	1.30665
0.111244,0.732817	0.404732	1.30665
0.5392,0.288405	0.404732	1.30665
0.933404,0.236514	0.404732	1.30665
0.5392,0.288405	0.400685	1.51228
0.933404,0.236514	0.400685	1.51228
0.111244,0.732817	0.400685	1.51228
0.876688,0.962319	0.400685	1.51228
0.876688,0.962319	0.396678	1.51228
0.111244,0.732817	0.396678	1.51228
0.933404,0.236514	0.396678	1.51228
0.5392,0.288405	0.396678	1.51228
0.5392,0.288405	0.392711	1.54951
0.876688,0.962319	0.392711	1.54951
0.933404,0.236514	0.392711	1.54951
0.111244,0.732817	0.392711	1.54951
0.111244,0.732817	0.388784	1.30665
0.5392,0.288405	0.388784	1.30665
0.933404,0.236514	0.388784	1.30665
0.876688,0.962319	0.388784	1.30665
0.111244,0.732817	0.384896	1.54951
0.5392,0.288405	0.384896	1.54951
0.876688,0.962319	0.384896	1.54951
0.933404,0.236514	0.384896	1.54951
0.5392,0.288405	0.381047	1.51228
0.876688,0.962319	0.381047	1.51228
0.111244,0.732817	0.381047	1.51228
0.933404,0.236514	0.381047	1.51228
0.5392,0.288405	0.377237	1.54951
0.111244,0.732817	0.377237	1.54951
0.933404,0.236514	0.377237	1.54951
0.876688,0.962319	0.377237	1.54951
0.876688,0.962319	0.373464	1.30665
0.933404,0.236514	0.373464	1.30665
0.5392,0.288405	0.373464	1.30665
0.111244,0.732817	0.373464	1.30665
0.5392,0.288405	0.36973	1.54951
0.111244,0.732817	0.36973	1.54951
0.933404,0.236514	0.36973	1.54951
0.876688,0.962319	0.36973	1.54951
0.876688,0.962319	0.366032	1.30665
0.111244,0.732817	0.366032	1.30665
0.5392,0.288405	0.366032	1.30665
0.933404,0.236514	0.366032	1.30665
0.111244,0.732817	0.362372	1.30665
0.876688,0.962319	0.362372	1.30665
0.933404,0.236514	0.362372	1.30665
0.5392,0.288405	0.362372	1.30665
0.876688,0.962319	0.358748	1.30665
0.933404,0.236514	0.358748	1.30665
0.5392,0.288405	0.358748	1.30665
0.111244,0.732817	0.358748	1.30665
0.5392,0.288405	0.355161	1.30665
0.933404,0.236514	0.355161	1.30665
0.876688,0.962319	0.355161	1.30665
0.111244,0.732817	0.355161	1.30665
0.5392,0.288405	0.351609	1.54951
0.876688,0.962319	0.351609	1.54951
0.933404,0.236514	0.351609	1.54951
0.111244,0.732817	0.351609	1.54951
0.111244,0.732817	0.348093	1.30665
0.5392,0.288405	0.348093	1.30665
0.933404,0.236514	0.348093	1.30665
0.876688,0.962319	0.348093	1.30665
0.876688,0.962319	0.344612	1.51228
0.5392,0.288405	0.344612	1.51228
0.933404,0.236514	0.344612	1.51228
0.111244,0.732817	0.344612	1.51228
0.933404,0.236514	0.341166	1.30665
0.876688,0.962319	0.341166	1.30665
0.111244,0.732817	0.341166	1.30665
0.5392,0.288405	0.341166	1.30665
0.5392,0.288405	0.337754	1.54951
0.876688,0.962319	0.337754	1.54951
0.933404,0.236514	0.337754	1.54951
0.111244,0.732817	0.337754	1.54951
0.933404,0.236514	0.334377	1.30665
0.5392,0.288405	0.334377	1.30665
0.111244,0.732817	0.334377	1.30665
0.876688,0.962319	0.334377	1.30665
0.111244,0.732817	0.331033	1.54951
0.933404,0.236514	0.331033	1.54951
0.876688,0.962319	0.331033	1.54951
0.5392,0.288405	0.331033	1.54951
0.933404,0.236514	0.327723	1.54951
0.111244,0.732817	0.327723	1.54951
0.5392,0.288405	0.327723	1.54951
0.876688,0.962319	0.327723	1.54951
0.876688,0.962319	0.324446	1.30665
0.111244,0.732817	0.324446	1.30665
0.5392,0.288405	0.324446	1.30665
0.933404,0.236514	0.324446	1.30665
0.933404,0.236514	0.321201	1.30665
0.5392,0.288405	0.321201	1.30665
0.111244,0.732817	0.321201	1.30665
0.876688,0.962319	0.321201	1.30665
0.933404,0.236514	0.317989	1.30665
0.5392,0.288405	0.317989	1.30665
0.111244,0.732817	0.317989	1.30665
0.876688,0.962319	0.317989	1.30665
0.5392,0.288405	0.314809	1.54951
0.876688,0.962319	0.314809	1.54951
0.933404,0.236514	0.314809	1.54951
0.111244,0.732817	0.314809	1.54951
0.933404,0.236514	0.311661	1.30665
0.5392,0.288405	0.311661	1.30665
0.111244,0.732817	0.311661	1.30665
0.876688,0.962319	0.311661	1.30665
0.876688,0.962319	0.308544	1.54951
0.933404,0.236514	0.308544	1.54951
0.111244,0.732817	0.308544	1.54951
0.5392,0.288405	0.308544	1.54951
0.111244,0.732817	0.305459	1.51228
0.876688,0.962319	0.305459	1.51228
0.5392,0.288405	0.305459	1.51228
0.933404,0.236514	0.305459	1.51228
0.933404,0.236514	0.302404	1.30665
0.5392,0.288405	0.302404	1.30665
0.111244,0.732817	0.302404	1.30665
0.876688,0.962319	0.302404	1.30665
0.876688,0.962319	0.29938	1.30665
0.933404,0.236514	0.29938	1.30665
0.5392,0.288405	0.29938	1.30665
0.111244,0.732817	0.29938	1.30665
0.5392,0.288405	0.296387	1.30665
0.933404,0.236514	0.296387	1.30665
0.876688,0.962319	0.296387	1.30665
0.111244,0.732817	0.296387	1.30665
0.5392,0.288405	0.293423	1.30665
0.933404,0.236514	0.293423	1.30665
0.876688,0.962319	0.293423	1.30665
0.111244,0.732817	0.293423	1.30665
0.111244,0.732817	0.290488	1.51228
0.933404,0.236514	0.290488	1.51228
0.5392,0.288405	0.290488	1.51228
0.876688,0.962319	0.290488	1.51228
0.876688,0.962319	0.287584	1.51228
0.5392,0.288405	0.287584	1.51228
0.933404,0.236514	0.287584	1.51228
0.111244,0.732817	0.287584	1.51228
0.933404,0.236514	0.284708	1.30665
0.876688,0.962319	0.284708	1.30665
0.111244,0.732817	0.284708	1.30665
0.5392,0.288405	0.284708	1.30665
0.876688,0.962319	0.281861	1.30665
0.111244,0.732817	0.281861	1.30665
0.5392,0.288405	0.281861	1.30665
0.933404,0.236514	0.281861	1.30665
0.933404,0.236514	0.279042	1.51228
0.111244,0.732817	0.279042	1.51228
0.876688,0.962319	0.279042	1.51228
0.5392,0.288405	0.279042	1.51228
0.5392,0.288405	0.276252	1.54951
0.111244,0.732817	0.276252	1.54951
0.933404,0.236514	0.276252	1.54951
0.876688,0.962319	0.276252	1.54951
0.933404,0.236514	0.273489	1.30665
0.876688,0.962319	0.273489	1.30665
0.111244,0.732817	0.273489	1.30665
0.5392,0.288405	0.273489	1.30665
0.111244,0.732817	0.270754	1.30665
0.5392,0.288405	0.270754	1.30665
0.933404,0.236514	0.270754	1.30665
0.876688,0.962319	0.270754	1.30665
0.111244,0.732817	0.268047	1.30665
0.5392,0.288405	0.268047	1.30665
0.933404,0.236514	0.268047	1.30665
0.876688,0.962319	0.268047	1.30665
0.5392,0.288405	0.265366	1.54951
0.876688,0.962319	0.265366	1.54951
0.933404,0.236514	0.265366	1.54951
0.111244,0.732817	0.265366	1.54951
0.933404,0.236514	0.262713	1.54951
0.876688,0.962319	0.262713	1.54951
0.5392,0.288405	0.262713	1.54951
0.111244,0.732817	0.262713	1.54951
0.876688,0.962319	0.260085	1.30665
0.933404,0.236514	0.260085	1.30665
0.5392,0.288405	0.260085	1.30665
0.111244,0.732817	0.260085	1.30665
0.5392,0.288405	0.257485	1.30665
0.933404,0.236514	0.257485	1.30665
0.876688,0.962319	0.257485	1.30665
0.111244,0.732817	0.257485	1.30665
0.5392,0.288405	0.25491	1.54951
0.876688,0.962319	0.25491	1.54951
0.933404,0.236514	0.25491	1.54951
0.111244,0.732817	0.25491	1.54951
0.876688,0.962319	0.252361	1.30665
0.933404,0.236514	0.252361	1.30665
0.5392,0.288405	0.252361	1.30665
0.111244,0.732817	0.252361	1.30665
0.876688,0.962319	0.249837	1.30665
0.933404,0.236514	0.249837	1.30665
0.5392,0.288405	0.249837	1.30665
0.111244,0.732817	0.249837	1.30665
0.933404,0.236514	0.247339	1.30665
0.876688,0.962319	0.247339	1.30665
0.111244,0.732817	0.247339	1.30665
0.5392,0.288405	0.247339	1.30665
0.5392,0.288405	0.244865	1.54951
0.876688,0.962319	0.244865	1.54951
0.933404,0.236514	0.244865	1.54951
0.111244,0.732817	0.244865	1.54951
0.5392,0.288405	0.242417	1.51228
0.876688,0.962319	0.242417	1.51228
0.111244,0.732817	0.242417	1.51228
0.933404,0.236514	0.242417	1.51228
0.876688,0.962319	0.239992	1.30665
0.111244,0.732817	0.239992	1.30665
0.5392,0.288405	0.239992	1.30665
0.933404,0.236514	0.239992	1.30665
0.876688,0.962319	0.237593	1.30665
0.111244,0.732817	0.237593	1.30665
0.5392,0.288405	0.237593	1.30665
0.933404,0.236514	0.237593	1.30665
0.5392,0.288405	0.235217	1.30665
0.933404,0.236514	0.235217	1.30665
0.876688,0.962319	0.235217	1.30665
0.111244,0.732817	0.235217	1.30665
0.876688,0.962319	0.232864	1.30665
0.933404,0.236514	0.232864	1.30665
0.5392,0.288405	0.232864	1.30665
0.111244,0.732817	0.232864	1.30665
0.111244,0.732817	0.230536	1.54951
0.5392,0.288405	0.230536	1.54951
0.876688,0.962319	0.230536	1.54951
0.933404,0.236514	0.230536	1.54951
0.5392,0.288405	0.22823	1.30665
0.111244,0.732817	0.22823	1.30665
0.876688,0.962319	0.22823	1.30665
0.933404,0.236514	0.22823	1.30665
0.111244,0.732817	0.225948	1.30665
0.876688,0.962319	0.225948	1.30665
0.933404,0.236514	0.225948	1.30665
0.5392,0.288405	0.225948	1.30665
0.5392,0.288405	0.223689	1.30665
0.933404,0.236514	0.223689	1.30665
0.876688,0.962319	0.223689	1.30665
0.111244,0.732817	0.223689	1.30665
0.876688,0.962319	0.221452	1.30665
0.933404,0.236514	0.221452	1.30665
0.5392,0.288405	0.221452	1.30665
0.111244,0.732817	0.221452	1.30665
0.111244,0.732817	0.219237	1.51228
0.876688,0.962319	0.219237	1.51228
0.5392,0.288405	0.219237	1.51228
0.933404,0.236514	0.219237	1.51228
0.5392,0.288405	0.217045	1.30665
0.933404,0.236514	0.217045	1.30665
0.876688,0.962319	0.217045	1.30665
0.111244,0.732817	0.217045	1.30665
0.5392,0.288405	0.214874	1.30665
0.111244,0.732817	0.214874	1.30665
0.876688,0.962319	0.214874	1.30665
0.933404,0.236514	0.214874	1.30665
0.111244,0.732817	0.212726	1.30665
0.876688,0.962319	0.212726	1.30665
0.933404,0.236514	0.212726	1.30665
0.5392,0.288405	0.212726	1.30665
0.5392,0.288405	0.210598	1.30665
0.111244,0.732817	0.210598	1.30665
0.876688,0.962319	0.210598	1.30665
0.933404,0.236514	0.210598	1.30665
0.5392,0.288405	0.208492	1.30665
0.933404,0.236514	0.208492	1.30665
0.876688,0.962319	0.208492	1.30665
0.111244,0.732817	0.208492	1.30665
0.876688,0.962319	0.206408	1.30665
0.111244,0.732817	0.206408	1.30665
0.5392,0.288405	0.206408	1.30665
0.933404,0.236514	0.206408	1.30665
0.5392,0.288405	0.204343	1.30665
0.933404,0.236514	0.204343	1.30665
0.876688,0.962319	0.204343	1.30665
0.111244,0.732817	0.204343	1.30665
0.5392,0.288405	0.2023	1.30665
0.933404,0.236514	0.2023	1.30665
0.876688,0.962319	0.2023	1.30665
0.111244,0.732817	0.2023	1.30665
0.111244,0.732817	0.200277	1.51228
0.933404,0.236514	0.200277	1.51228
0.5392,0.288405	0.200277	1.51228
0.876688,0.962319	0.200277	1.51228
0.5392,0.288405	0.198274	1.30665
0.111244,0.732817	0.198274	1.30665
0.876688,0.962319	0.198274	1.30665
0.933404,0.236514	0.198274	1.30665
0.933404,0.236514	0.196292	1.30665
0.876688,0.962319	0.196292	1.30665
0.111244,0.732817	0.196292	1.30665
0.5392,0.288405	0.196292	1.30665
0.5392,0.288405	0.194329	1.30665
0.111244,0.732817	0.194329	1.30665
0.876688,0.962319	0.194329	1.30665
0.933404,0.236514	0.194329	1.30665
0.933404,0.236514	0.192385	1.30665
0.5392,0.288405	0.192385	1.30665
0.111244,0.732817	0.192385	1.30665
0.876688,0.962319	0.192385	1.30665
0.876688,0.962319	0.190461	1.54951
0.933404,0.236514	0.190461	1.54951
0.111244,0.732817	0.190461	1.54951
0.5392,0.288405	0.190461	1.54951
0.111244,0.732817	0.188557	1.30665
0.876688,0.962319	0.188557	1.30665
0.933404,0.236514	0.188557	1.30665
0.5392,0.288405	0.188557	1.30665
0.876688,0.962319	0.186671	1.30665
0.933404,0.236514	0.186671	1.30665
0.5392,0.288405	0.186671	1.30665
0.111244,0.732817	0.186671	1.30665
0.876688,0.962319	0.184805	1.30665
0.933404,0.236514	0.184805	1.30665
0.5392,0.288405	0.184805	1.30665
0.111244,0.732817	0.184805	1.30665
0.111244,0.732817	0.182957	1.54951
0.933404,0.236514	0.182957	1.54951
0.876688,0.962319	0.182957	1.54951
0.5392,0.288405	0.182957	1.54951
0.876688,0.962319	0.181127	1.51228
0.5392,0.288405	0.181127	1.51228
0.933404,0.236514	0.181127	1.51228
0.111244,0.732817	0.181127	1.51228
0.933404,0.236514	0.179316	1.30665
0.876688,0.962319	0.179316	1.30665
0.111244,0.732817	0.179316	1.30665
0.5392,0.288405	0.179316	1.30665
0.5392,0.288405	0.177523	1.51228
0.933404,0.236514	0.177523	1.51228
0.111244,0.732817	0.177523	1.51228
0.876688,0.962319	0.177523	1.51228
0.111244,0.732817	0.175747	1.30665
0.876688,0.962319	0.175747	1.30665
0.933404,0.236514	0.175747	1.30665
0.5392,0.288405	0.175747	1.30665
0.5392,0.288405	0.17399	1.54951
0.111244,0.732817	0.17399	1.54951
0.933404,0.236514	0.17399	1.54951
0.876688,0.962319	0.17399	1.54951
0.933404,0.236514	0.17225	1.30665
0.876688,0.962319	0.17225	1.30665
0.111244,0.732817	0.17225	1.30665
0.5392,0.288405	0.17225	1.30665
0.933404,0.236514	0.170527	1.30665
0.876688,0.962319	0.170527	1.30665
0.111244,0.732817	0.170527	1.30665
0.5392,0.288405	0.170527	1.30665
0.5392,0.288405	0.168822	1.54951
0.111244,0.732817	0.168822	1.54951
0.933404,0.236514	0.168822	1.54951
0.876688,0.962319	0.168822	1.54951
0.111244,0.732817	0.167134	1.30665
0.5392,0.288405	0.167134	1.30665
0.933404,0.236514	0.167134	1.30665
0.876688,0.962319	0.167134	1.30665
0.876688,0.962319	0.165463	1.54951
0.5392,0.288405	0.165463	1.54951
0.111244,0.732817	0.165463	1.54951
0.933404,0.236514	0.165463	1.54951
0.5392,0.288405	0.163808	1.54951
0.876688,0.962319	0.163808	1.54951
0.933404,0.236514	0.163808	1.54951
0.111244,0.732817	0.163808	1.54951
0.876688,0.962319	0.16217	1.30665
0.111244,0.732817	0.16217	1.30665
0.5392,0.288405	0.16217	1.30665
0.933404,0.236514	0.16217	1.30665
0.111244,0.732817	0.160548	1.30665
0.876688,0.962319	0.160548	1.30665
0.933404,0.236514	0.160548	1.30665
0.5392,0.288405	0.160548	1.30665
0.5392,0.288405	0.158943	1.51228
0.933404,0.236514	0.158943	1.51228
0.111244,0.732817	0.158943	1.51228
0.876688,0.962319	0.158943	1.51228
0.5392,0.288405	0.157353	1.54951
0.876688,0.962319	0.157353	1.54951
0.933404,0.236514	0.157353	1.54951
0.111244,0.732817	0.157353	1.54951
0.876688,0.962319	0.15578	1.54951
0.933404,0.236514	0.15578	1.54951
0.111244,0.732817	0.15578	1.54951
0.5392,0.288405	0.15578	1.54951
0.876688,0.962319	0.154222	1.30665
0.933404,0.236514	0.154222	1.30665
0.5392,0.288405	0.154222	1.30665
0.111244,0.732817	0.154222	1.30665
0.876688,0.962319	0.15268	1.30665
0.111244,0.732817	0.15268	1.30665
0.5392,0.288405	0.15268	1.30665
0.933404,0.236514	0.15268	1.30665
0.933404,0.236514	0.151153	1.30665
0.876688,0.962319	0.151153	1.30665
0.111244,0.732817	0.151153	1.30665
0.5392,0.288405	0.151153	1.30665
0.111244,0.732817	0.149641	1.51228
0.933404,0.236514	0.149641	1.51228
0.5392,0.288405	0.149641	1.51228
0.876688,0.962319	0.149641	1.51228
0.5392,0.288405	0.148145	1.30665
0.111244,0.732817	0.148145	1.30665
0.876688,0.962319	0.148145	1.30665
0.933404,0.236514	0.148145	1.30665
0.876688,0.962319	0.146664	1.30665
0.111244,0.732817	0.146664	1.30665
0.5392,0.288405	0.146664	1.30665
0.933404,0.236514	0.146664	1.30665
0.111244,0.732817	0.145197	1.30665
0.876688,0.962319	0.145197	1.30665
0.933404,0.236514	0.145197	1.30665
0.5392,0.288405	0.145197	1.30665
0.933404,0.236514	0.143745	1.30665
0.876688,0.962319	0.143745	1.30665
0.111244,0.732817	0.143745	1.30665
0.5392,0.288405	0.143745	1.30665
0.5392,0.288405	0.142307	1.30665
0.111244,0.732817	0.142307	1.30665
0.876688,0.962319	0.142307	1.30665
0.933404,0.236514	0.142307	1.30665
0.5392,0.288405	0.140884	1.30665
0.111244,0.732817	0.140884	1.30665
0.876688,0.962319	0.140884	1.30665
0.933404,0.236514	0.140884	1.30665
0.111244,0.732817	0.139476	1.30665
0.5392,0.288405	0.139476	1.30665
0.933404,0.236514	0.139476	1.30665
0.876688,0.962319	0.139476	1.30665
0.876688,0.962319	0.138081	1.51228
0.5392,0.288405	0.138081	1.51228
0.933404,0.236514	0.138081	1.51228
0.111244,0.732817	0.138081	1.51228
0.111244,0.732817	0.1367	1.51228
0.933404,0.236514	0.1367	1.51228
0.5392,0.288405	0.1367	1.51228
0.876688,0.962319	0.1367	1.51228
0.876688,0.962319	0.135333	1.30665
0.933404,0.236514	0.135333	1.30665
0.5392,0.288405	0.135333	1.30665
0.111244,0.732817	0.135333	1.30665
0.5392,0.288405	0.13398	1.51228
0.933404,0.236514	0.13398	1.51228
0.111244,0.732817	0.13398	1.51228
0.876688,0.962319	0.13398	1.51228
0.5392,0.288405	0.13264	1.30665
0.933404,0.236514	0.13264	1.30665
0.876688,0.962319	0.13264	1.30665
0.111244,0.732817	0.13264	1.30665
0.876688,0.962319	0.131313	1.30665
0.933404,0.236514	0.131313	1.30665
0.5392,0.288405	0.131313	1.30665
0.111244,0.732817	0.131313	1.30665
0.933404,0.236514	0.13	1.51228
0.5392,0.288405	0.13	1.51228
0.876688,0.962319	0.13	1.51228
0.111244,0.732817	0.13	1.51228
0.876688,0.962319	0.1287	1.51228
0.5392,0.288405	0.1287	1.51228
0.933404,0.236514	0.1287	1.51228
0.111244,0.732817	0.1287	1.51228
0.5392,0.288405	0.127413	1.30665
0.933404,0.236514	0.127413	1.30665
0.876688,0.962319	0.127413	1.30665
0.111244,0.732817	0.127413	1.30665
0.5392,0.288405	0.126139	1.30665
0.111244,0.732817	0.126139	1.30665
0.876688,0.962319	0.126139	1.30665
0.933404,0.236514	0.126139	1.30665
0.111244,0.732817	0.124878	1.30665
0.876688,0.962319	0.124878	1.30665
0.933404,0.236514	0.124878	1.30665
0.5392,0.288405	0.124878	1.30665
0.876688,0.962319	0.123629	1.30665
0.111244,0.732817	0.123629	1.30665
0.5392,0.288405	0.123629	1.30665
0.933404,0.236514	0.123629	1.30665
0.876688,0.962319	0.122393	1.51228
0.5392,0.288405	0.122393	1.51228
0.933404,0.236514	0.122393	1.51228
0.111244,0.732817	0.122393	1.51228
0.933404,0.236514	0.121169	1.30665
0.876688,0.962319	0.121169	1.30665
0.111244,0.732817	0.121169	1.30665
0.5392,0.288405	0.121169	1.30665
0.111244,0.732817	0.119957	1.30665
0.5392,0.288405	0.119957	1.30665
0.933404,0.236514	0.119957	1.30665
0.876688,0.962319	0.119957	1.30665
0.876688,0.962319	0.118758	1.30665
0.111244,0.732817	0.118758	1.30665
0.5392,0.288405	0.118758	1.30665
0.933404,0.236514	0.118758	1.30665
0.933404,0.236514	0.11757	1.30665
0.876688,0.962319	0.11757	1.30665
0.111244,0.732817	0.11757	1.30665
0.5392,0.288405	0.11757	1.30665
0.5392,0.288405	0.116394	1.30665
0.111244,0.732817	0.116394	1.30665
0.876688,0.962319	0.116394	1.30665
0.933404,0.236514	0.116394	1.30665
0.876688,0.962319	0.11523	1.30665
0.111244,0.732817	0.11523	1.30665
0.5392,0.288405	0.11523	1.30665
0.933404,0.236514	0.11523	1.30665
0.111244,0.732817	0.114078	1.30665
0.5392,0.288405	0.114078	1.30665
0.933404,0.236514	0.114078	1.30665
0.876688,0.962319	0.114078	1.30665
0.111244,0.732817	0.112937	1.51228
0.933404,0.236514	0.112937	1.51228
0.5392,0.288405	0.112937	1.51228
0.876688,0.962319	0.112937	1.51228
0.5392,0.288405	0.111808	1.30665
0.933404,0.236514	0.111808	1.30665
0.876688,0.962319	0.111808	1.30665
0.111244,0.732817	0.111808	1.30665
0.111244,0.732817	0.11069	1.30665
0.5392,0.288405	0.11069	1.30665
0.933404,0.236514	0.11069	1.30665
0.876688,0.962319	0.11069	1.30665
0.111244,0.732817	0.109583	1.30665
0.5392,0.288405	0.109583	1.30665
0.933404,0.236514	0.109583	1.30665
0.876688,0.962319	0.109583	1.30665
0.933404,0.236514	0.108487	1.30665
0.876688,0.962319	0.108487	1.30665
0.111244,0.732817	0.108487	1.30665
0.5392,0.288405	0.108487	1.30665
0.933404,0.236514	0.107402	1.54951
0.111244,0.732817	0.107402	1.54951
0.5392,0.288405	0.107402	1.54951
0.876688,0.962319	0.107402	1.54951
0.5392,0.288405	0.106328	1.30665
0.933404,0.236514	0.106328	1.30665
0.876688,0.962319	0.106328	1.30665
0.111244,0.732817	0.106328	1.30665
0.876688,0.962319	0.105265	1.30665
0.111244,0.732817	0.105265	1.30665
0.5392,0.288405	0.105265	1.30665
0.933404,0.236514	0.105265	1.30665
0.111244,0.732817	0.104212	1.54951
0.5392,0.288405	0.104212	1.54951
0.876688,0.962319	0.104212	1.54951
0.933404,0.236514	0.104212	1.54951
0.876688,0.962319	0.10317	1.30665
0.933404,0.236514	0.10317	1.30665
0.5392,0.288405	0.10317	1.30665
0.111244,0.732817	0.10317	1.30665
0.933404,0.236514	0.102138	1.51228
0.111244,0.732817	0.102138	1.51228
0.876688,0.962319	0.102138	1.51228
0.5392,0.288405	0.102138	1.51228
0.111244,0.732817	0.101117	1.30665
0.876688,0.962319	0.101117	1.30665
0.933404,0.236514	0.101117	1.30665
0.5392,0.288405	0.101117	1.30665
0.5392,0.288405	0.100106	1.30665
0.933404,0.236514	0.100106	1.30665
0.876688,0.962319	0.100106	1.30665
0.111244,0.732817	0.100106	1.30665
0.876688,0.962319	0.0991048	1.30665
0.933404,0.236514	0.0991048	1.30665
0.5392,0.288405	0.0991048	1.30665
0.111244,0.732817	0.0991048	1.30665
0.5392,0.288405	0.0981138	1.30665
0.933404,0.236514	0.0981138	1.30665
0.876688,0.962319	0.0981138	1.30665
0.111244,0.732817	0.0981138	1.30665
0.933404,0.236514	0.0971326	1.30665
0.876688,0.962319	0.0971326	1.30665
0.111244,0.732817	0.0971326	1.30665
0.5392,0.288405	0.0971326	1.30665
0.5392,0.288405	0.0961613	1.30665
0.111244,0.732817	0.0961613	1.30665
0.876688,0.962319	0.0961613	1.30665
0.933404,0.236514	0.0961613	1.30665
0.111244,0.732817	0.0951997	1.54951
0.5392,0.288405	0.0951997	1.54951
0.876688,0.962319	0.0951997	1.54951
0.933404,0.236514	0.0951997	1.54951
0.111244,0.732817	0.0942477	1.30665
0.5392,0.288405	0.0942477	1.30665
0.933404,0.236514	0.0942477	1.30665
0.876688,0.962319	0.0942477	1.30665
0.933404,0.236514	0.0933052	1.30665
0.5392,0.288405	0.0933052	1.30665
0.111244,0.732817	0.0933052	1.30665
0.876688,0.962319	0.0933052	1.30665
0.933404,0.236514	0.0923722	1.30665
0.876688,0.962319	0.0923722	1.30665
0.111244,0.732817	0.0923722	1.30665
0.5392,0.288405	0.0923722	1.30665
0.933404,0.236514	0.0914484	1.30665
0.5392,0.288405	0.0914484	1.30665
0.111244,0.732817	0.0914484	1.30665
0.876688,0.962319	0.0914484	1.30665
0.876688,0.962319	0.090534	1.30665
0.933404,0.236514	0.090534	1.30665
0.5392,0.288405	0.090534	1.30665
0.111244,0.732817	0.090534	1.30665
0.111244,0.732817	0.0896286	1.51228
0.933404,0.236514	0.0896286	1.51228
0.5392,0.288405	0.0896286	1.51228
0.876688,0.962319	0.0896286	1.51228
0.5392,0.288405	0.0887323	1.30665
0.111244,0.732817	0.0887323	1.30665
0.876688,0.962319	0.0887323	1.30665
0.933404,0.236514	0.0887323	1.30665
0.111244,0.732817	0.087845	1.30665
0.5392,0.288405	0.087845	1.30665
0.933404,0.236514	0.087845	1.30665
0.876688,0.962319	0.087845	1.30665
0.876688,0.962319	0.0869666	1.30665
0.111244,0.732817	0.0869666	1.30665
0.5392,0.288405	0.0869666	1.30665
0.933404,0.236514	0.0869666	1.30665
0.111244,0.732817	0.0860969	1.30665
0.5392,0.288405	0.0860969	1.30665
0.933404,0.236514	0.0860969	1.30665
0.876688,0.962319	0.0860969	1.30665
0.933404,0.236514	0.0852359	1.30665
0.5392,0.288405	0.0852359	1.30665
0.111244,0.732817	0.0852359	1.30665
0.876688,0.962319	0.0852359	1.30665
0.933404,0.236514	0.0843836	1.30665
0.5392,0.288405	0.0843836	1.30665
0.111244,0.732817	0.0843836	1.30665
0.876688,0.962319	0.0843836	1.30665
0.5392,0.288405	0.0835397	1.30665
0.933404,0.236514	0.0835397	1.30665
0.876688,0.962319	0.0835397	1.30665
0.111244,0.732817	0.0835397	1.30665
0.933404,0.236514	0.0827043	1.30665
0.876688,0.962319	0.0827043	1.30665
0.111244,0.732817	0.0827043	1.30665
0.5392,0.288405	0.0827043	1.30665
0.111244,0.732817	0.0818773	1.30665
0.876688,0.962319	0.0818773	1.30665
0.933404,0.236514	0.0818773	1.30665
0.5392,0.288405	0.0818773	1.30665
0.876688,0.962319	0.0810585	1.30665
0.933404,0.236514	0.0810585	1.30665
0.5392,0.288405	0.0810585	1.30665
0.111244,0.732817	0.0810585	1.30665
0.876688,0.962319	0.0802479	1.30665
0.111244,0.732817	0.0802479	1.30665
0.5392,0.288405	0.0802479	1.30665
0.933404,0.236514	0.0802479	1.30665
0.933404,0.236514	0.0794455	1.30665
0.5392,0.288405	0.0794455	1.30665
0.111244,0.732817	0.0794455	1.30665
0.876688,0.962319	0.0794455	1.30665
0.933404,0.236514	0.078651	1.30665
0.5392,0.288405	0.078651	1.30665
0.111244,0.732817	0.078651	1.30665
0.876688,0.962319	0.078651	1.30665
0.5392,0.288405	0.0778645	1.30665
0.933404,0.236514	0.0778645	1.30665
0.876688,0.962319	0.0778645	1.30665
0.111244,0.732817	0.0778645	1.30665
0.5392,0.288405	0.0770858	1.30665
0.111244,0.732817	0.0770858	1.30665
0.876688,0.962319	0.0770858	1.30665
0.933404,0.236514	0.0770858	1.30665
0.5392,0.288405	0.076315	1.30665
0.111244,0.732817	0.076315	1.30665
0.876688,0.962319	0.076315	1.30665
0.933404,0.236514	0.076315	1.30665
0.933404,0.236514	0.0755518	1.30665
0.5392,0.288405	0.0755518	1.30665
0.111244,0.732817	0.0755518	1.30665
0.876688,0.962319	0.0755518	1.30665
0.933404,0.236514	0.0747963	1.30665
0.5392,0.288405	0.0747963	1.30665
0.111244,0.732817	0.0747963	1.30665
0.876688,0.962319	0.0747963	1.30665
0.5392,0.288405	0.0740484	1.54951
0.876688,0.962319	0.0740484	1.54951
0.933404,0.236514	0.0740484	1.54951
0.111244,0.732817	0.0740484	1.54951
0.5392,0.288405	0.0733079	1.51228
0.933404,0.236514	0.0733079	1.51228
0.111244,0.732817	0.0733079	1.51228
0.876688,0.962319	0.0733079	1.51228
0.876688,0.962319	0.0725748	1.30665
0.933404,0.236514	0.0725748	1.30665
0.5392,0.288405	0.0725748	1.30665
0.111244,0.732817	0.0725748	1.30665
0.933404,0.236514	0.071849	1.30665
0.876688,0.962319	0.071849	1.30665
0.111244,0.732817	0.071849	1.30665
0.5392,0.288405	0.071849	1.30665
0.933404,0.236514	0.0711306	1.30665
0.876688,0.962319	0.0711306	1.30665
0.111244,0.732817	0.0711306	1.30665
0.5392,0.288405	0.0711306	1.30665
0.876688,0.962319	0.0704192	1.30665
0.933404,0.236514	0.0704192	1.30665
0.5392,0.288405	0.0704192	1.30665
0.111244,0.732817	0.0704192	1.30665
0.876688,0.962319	0.0697151	1.30665
0.111244,0.732817	0.0697151	1.30665
0.5392,0.288405	0.0697151	1.30665
0.933404,0.236514	0.0697151	1.30665
0.111244,0.732817	0.0690179	1.30665
0.5392,0.288405	0.0690179	1.30665
0.933404,0.236514	0.0690179	1.30665
0.876688,0.962319	0.0690179	1.30665
0.876688,0.962319	0.0683277	1.30665
0.111244,0.732817	0.0683277	1.30665
0.5392,0.288405	0.0683277	1.30665
0.933404,0.236514	0.0683277	1.30665
0.876688,0.962319	0.0676444	1.30665
0.111244,0.732817	0.0676444	1.30665
0.5392,0.288405	0.0676444	1.30665
0.933404,0.236514	0.0676444	1.30665
0.933404,0.236514	0.066968	1.30665
0.5392,0.288405	0.066968	1.30665
0.111244,0.732817	0.066968	1.30665
0.876688,0.962319	0.066968	1.30665
0.5392,0.288405	0.0662983	1.30665
0.933404,0.236514	0.0662983	1.30665
0.876688,0.962319	0.0662983	1.30665
0.111244,0.732817	0.0662983	1.30665
0.5392,0.288405	0.0656353	1.30665
0.111244,0.732817	0.0656353	1.30665
0.876688,0.962319	0.0656353	1.30665
0.933404,0.236514	0.0656353	1.30665
0.876688,0.962319	0.064979	1.30665
0.111244,0.732817	0.064979	1.30665
0.5392,0.288405	0.064979	1.30665
0.933404,0.236514	0.064979	1.30665
0.876688,0.962319	0.0643292	1.30665
0.111244,0.732817	0.0643292	1.30665
0.5392,0.288405	0.0643292	1.30665
0.933404,0.236514	0.0643292	1.30665
0.876688,0.962319	0.0636859	1.30665
0.933404,0.236514	0.0636859	1.30665
0.5392,0.288405	0.0636859	1.30665
0.111244,0.732817	0.0636859	1.30665
0.5392,0.288405	0.063049	1.30665
0.933404,0.236514	0.063049	1.30665
0.876688,0.962319	0.063049	1.30665
0.111244,0.732817	0.063049	1.30665
0.933404,0.236514	0.0624186	1.30665
0.5392,0.288405	0.0624186	1.30665
0.111244,0.732817	0.0624186	1.30665
0.876688,0.962319	0.0624186	1.30665
0.876688,0.962319	0.0617944	1.30665
0.933404,0.236514	0.0617944	1.30665
0.5392,0.288405	0.0617944	1.30665
0.111244,0.732817	0.0617944	1.30665
0.876688,0.962319	0.0611764	1.30665
0.933404,0.236514	0.0611764	1.30665
0.5392,0.288405	0.0611764	1.30665
0.111244,0.732817	0.0611764	1.30665
0.876688,0.962319	0.0605647	1.30665
0.933404,0.236514	0.0605647	1.30665
0.5392,0.288405	0.0605647	1.30665
0.111244,0.732817	0.0605647	1.30665
0.111244,0.732817	0.059959	1.30665
0.5392,0.288405	0.059959	1.30665
0.933404,0.236514	0.059959	1.30665
0.876688,0.962319	0.059959	1.30665
0.5392,0.288405	0.0593594	1.30665
0.933404,0.236514	0.0593594	1.30665
0.876688,0.962319	0.0593594	1.30665
0.111244,0.732817	0.0593594	1.30665
0.933404,0.236514	0.0587658	1.30665
0.876688,0.962319	0.0587658	1.30665
0.111244,0.732817	0.0587658	1.30665
0.5392,0.288405	0.0587658	1.30665
0.5392,0.288405	0.0581782	1.30665
0.933404,0.236514	0.0581782	1.30665
0.876688,0.962319	0.0581782	1.30665
0.111244,0.732817	0.0581782	1.30665
0.111244,0.732817	0.0575964	1.30665
0.876688,0.962319	0.0575964	1.30665
0.933404,0.236514	0.0575964	1.30665
0.5392,0.288405	0.0575964	1.30665
0.111244,0.732817	0.0570204	1.30665
0.5392,0.288405	0.0570204	1.30665
0.933404,0.236514	0.0570204	1.30665
0.876688,0.962319	0.0570204	1.30665
0.5392,0.288405	0.0564502	1.54951
0.876688,0.962319	0.0564502	1.54951
0.933404,0.236514	0.0564502	1.54951
0.111244,0.732817	0.0564502	1.54951
0.5392,0.288405	0.0558857	1.30665
0.933404,0.236514	0.0558857	1.30665
0.876688,0.962319	0.0558857	1.30665
0.111244,0.732817	0.0558857	1.30665
0.876688,0.962319	0.0553269	1.30665
0.111244,0.732817	0.0553269	1.30665
0.5392,0.288405	0.0553269	1.30665
0.933404,0.236514	0.0553269	1.30665
0.876688,0.962319	0.0547736	1.30665
0.111244,0.732817	0.0547736	1.30665
0.5392,0.288405	0.0547736	1.30665
0.933404,0.236514	0.0547736	1.30665
0.5392,0.288405	0.0542259	1.30665
0.933404,0.236514	0.0542259	1.30665
0.876688,0.962319	0.0542259	1.30665
0.111244,0.732817	0.0542259	1.30665
0.5392,0.288405	0.0536836	1.30665
0.933404,0.236514	0.0536836	1.30665
0.876688,0.962319	0.0536836	1.30665
0.111244,0.732817	0.0536836	1.30665
0.111244,0.732817	0.0531468	1.30665
0.5392,0.288405	0.0531468	1.30665
0.933404,0.236514	0.0531468	1.30665
0.876688,0.962319	0.0531468	1.30665
0.933404,0.236514	0.0526153	1.51228
0.111244,0.732817	0.0526153	1.51228
0.876688,0.962319	0.0526153	1.51228
0.5392,0.288405	0.0526153	1.51228
0.111244,0.732817	0.0520891	1.30665
0.5392,0.288405	0.0520891	1.30665
0.933404,0.236514	0.0520891	1.30665
0.876688,0.962319	0.0520891	1.30665
0.933404,0.236514	0.0515683	1.30665
0.5392,0.288405	0.0515683	1.30665
0.111244,0.732817	0.0515683	1.30665
0.876688,0.962319	0.0515683	1.30665
0.111244,0.732817	0.0510526	1.30665
0.876688,0.962319	0.0510526	1.30665
0.933404,0.236514	0.0510526	1.30665
0.5392,0.288405	0.0510526	1.30665
0.876688,0.962319	0.050542	1.30665
0.933404,0.236514	0.050542	1.30665
0.5392,0.288405	0.050542	1.30665
0.111244,0.732817	0.050542	1.30665
0.876688,0.962319	0.0500366	1.30665
0.933404,0.236514	0.0500366	1.30665
0.5392,0.288405	0.0500366	1.30665
0.111244,0.732817	0.0500366	1.30665
0.111244,0.732817	0.0495363	1.30665
0.876688,0.962319	0.0495363	1.30665
0.933404,0.236514	0.0495363	1.30665
0.5392,0.288405	0.0495363	1.30665
0.933404,0.236514	0.0490409	1.30665
0.876688,0.962319	0.0490409	1.30665
0.111244,0.732817	0.0490409	1.30665
0.5392,0.288405	0.0490409	1.30665
0.933404,0.236514	0.0485505	1.30665
0.5392,0.288405	0.0485505	1.30665
0.111244,0.732817	0.0485505	1.30665
0.876688,0.962319	0.0485505	1.30665
0.5392,0.288405	0.048065	1.30665
0.933404,0.236514	0.048065	1.30665
0.876688,0.962319	0.048065	1.30665
0.111244,0.732817	0.048065	1.30665
0.5392,0.288405	0.0475843	1.51228
0.933404,0.236514	0.0475843	1.51228
0.111244,0.732817	0.0475843	1.51228
0.876688,0.962319	0.0475843	1.51228
0.5392,0.288405	0.0471085	1.30665
0.933404,0.236514	0.0471085	1.30665
0.876688,0.962319	0.0471085	1.30665
0.111244,0.732817	0.0471085	1.30665
0.5392,0.288405	0.0466374	1.30665
0.111244,0.732817	0.0466374	1.30665
0.876688,0.962319	0.0466374	1.30665
0.933404,0.236514	0.0466374	1.30665
0.876688,0.962319	0.046171	1.51228
0.5392,0.288405	0.046171	1.51228
0.933404,0.236514	0.046171	1.51228
0.111244,0.732817	0.046171	1.51228
0.933404,0.236514	0.0457093	1.30665
0.5392,0.288405	0.0457093	1.30665
0.111244,0.732817	0.0457093	1.30665
0.876688,0.962319	0.0457093	1.30665
0.111244,0.732817	0.0452522	1.30665
0.5392,0.288405	0.0452522	1.30665
0.933404,0.236514	0.0452522	1.30665
0.876688,0.962319	0.0452522	1.30665
0.111244,0.732817	0.0447997	1.30665
0.876688,0.962319	0.0447997	1.30665
0.933404,0.236514	0.0447997	1.30665
0.5392,0.288405	0.0447997	1.30665
0.933404,0.236514	0.0443517	1.30665
0.876688,0.962319	0.0443517	1.30665
0.111244,0.732817	0.0443517	1.30665
0.5392,0.288405	0.0443517	1.30665
0.5392,0.288405	0.0439082	1.30665
0.933404,0.236514	0.0439082	1.30665
0.876688,0.962319	0.0439082	1.30665
0.111244,0.732817	0.0439082	1.30665
0.5392,0.288405	0.0434691	1.30665
0.111244,0.732817	0.0434691	1.30665
0.876688,0.962319	0.0434691	1.30665
0.933404,0.236514	0.0434691	1.30665
0.111244,0.732817	0.0430344	1.30665
0.876688,0.962319	0.0430344	1.30665
0.933404,0.236514	0.0430344	1.30665
0.5392,0.288405	0.0430344	1.30665
0.876688,0.962319	0.0426041	1.30665
0.933404,0.236514	0.0426041	1.30665
0.5392,0.288405	0.0426041	1.30665
0.111244,0.732817	0.0426041	1.30665
0.5392,0.288405	0.042178	1.30665
0.933404,0.236514	0.042178	1.30665
0.876688,0.962319	0.042178	1.30665
0.111244,0.732817	0.042178	1.30665
0.5392,0.288405	0.0417563	1.30665
0.933404,0.236514	0.0417563	1.30665
0.876688,0.962319	0.0417563	1.30665
0.111244,0.732817	0.0417563	1.30665
0.5392,0.288405	0.0413387	1.30665
0.933404,0.236514	0.0413387	1.30665
0.876688,0.962319	0.0413387	1.30665
0.111244,0.732817	0.0413387	1.30665
0.5392,0.288405	0.0409253	1.30665
0.933404,0.236514	0.0409253	1.30665
0.876688,0.962319	0.0409253	1.30665
0.111244,0.732817	0.0409253	1.30665
0.876688,0.962319	0.040516	1.30665
0.933404,0.236514	0.040516	1.30665
0.5392,0.288405	0.040516	1.30665
0.111244,0.732817	0.040516	1.30665
0.876688,0.962319	0.0401109	1.30665
0.111244,0.732817	0.0401109	1.30665
0.5392,0.288405	0.0401109	1.30665
0.933404,0.236514	0.0401109	1.30665
0.876688,0.962319	0.0397098	1.30665
0.111244,0.732817	0.0397098	1.30665
0.5392,0.288405	0.0397098	1.30665
0.933404,0.236514	0.0397098	1.30665
0.876688,0.962319	0.0393127	1.30665
0.111244,0.732817	0.0393127	1.30665
0.5392,0.288405	0.0393127	1.30665
0.933404,0.236514	0.0393127	1.30665
0.5392,0.288405	0.0389196	1.30665
0.111244,0.732817	0.0389196	1.30665
0.876688,0.962319	0.0389196	1.30665
0.933404,0.236514	0.0389196	1.30665
0.876688,0.962319	0.0385304	1.30665
0.933404,0.236514	0.0385304	1.30665
0.5392,0.288405	0.0385304	1.30665
0.111244,0.732817	0.0385304	1.30665
0.5392,0.288405	0.0381451	1.30665
0.111244,0.732817	0.0381451	1.30665
0.876688,0.962319	0.0381451	1.30665
0.933404,0.236514	0.0381451	1.30665
0.933404,0.236514	0.0377636	1.30665
0.876688,0.962319	0.0377636	1.30665
0.111244,0.732817	0.0377636	1.30665
0.5392,0.288405	0.0377636	1.30665
0.933404,0.236514	0.037386	1.30665
0.5392,0.288405	0.037386	1.30665
0.111244,0.732817	0.037386	1.30665
0.876688,0.962319	0.037386	1.30665
0.933404,0.236514	0.0370121	1.30665
0.876688,0.962319	0.0370121	1.30665
0.111244,0.732817	0.0370121	1.30665
0.5392,0.288405	0.0370121	1.30665
0.111244,0.732817	0.036642	1.30665
0.5392,0.288405	0.036642	1.30665
0.933404,0.236514	0.036642	1.30665
0.876688,0.962319	0.036642	1.30665
0.111244,0.732817	0.0362756	1.30665
0.5392,0.288405	0.0362756	1.30665
0.933404,0.236514	0.0362756	1.30665
0.876688,0.962319	0.0362756	1.30665
0.933404,0.236514	0.0359128	1.30665
0.5392,0.288405	0.0359128	1.30665
0.111244,0.732817	0.0359128	1.30665
0.876688,0.962319	0.0359128	1.30665
0.933404,0.236514	0.0355537	1.30665
0.5392,0.288405	0.0355537	1.30665
0.111244,0.732817	0.0355537	1.30665
0.876688,0.962319	0.0355537	1.30665
0.111244,0.732817	0.0351981	1.30665
0.5392,0.288405	0.0351981	1.30665
0.933404,0.236514	0.0351981	1.30665
0.876688,0.962319	0.0351981	1.30665
0.933404,0.236514	0.0348462	1.30665
0.876688,0.962319	0.0348462	1.30665
0.111244,0.732817	0.0348462	1.30665
0.5392,0.288405	0.0348462	1.30665
0.111244,0.732817	0.0344977	1.30665
0.5392,0.288405	0.0344977	1.30665
0.933404,0.236514	0.0344977	1.30665
0.876688,0.962319	0.0344977	1.30665
0.933404,0.236514	0.0341527	1.30665
0.5392,0.288405	0.0341527	1.30665
0.111244,0.732817	0.0341527	1.30665
0.876688,0.962319	0.0341527	1.30665
0.111244,0.732817	0.0338112	1.30665
0.5392,0.288405	0.0338112	1.30665
0.933404,0.236514	0.0338112	1.30665
0.876688,0.962319	0.0338112	1.30665
0.933404,0.236514	0.0334731	1.30665
0.5392,0.288405	0.0334731	1.30665
0.111244,0.732817	0.0334731	1.30665
0.876688,0.962319	0.0334731	1.30665
0.933404,0.236514	0.0331384	1.30665
0.876688,0.962319	0.0331384	1.30665
0.111244,0.732817	0.0331384	1.30665
0.5392,0.288405	0.0331384	1.30665
0.933404,0.236514	0.032807	1.30665
0.876688,0.962319	0.032807	1.30665
0.111244,0.732817	0.032807	1.30665
0.5392,0.288405	0.032807	1.30665
0.933404,0.236514	0.0324789	1.30665
0.5392,0.288405	0.0324789	1.30665
0.111244,0.732817	0.0324789	1.30665
0.876688,0.962319	0.0324789	1.30665
0.111244,0.732817	0.0321541	1.30665
0.5392,0.288405	0.0321541	1.30665
0.933404,0.236514	0.0321541	1.30665
0.876688,0.962319	0.0321541	1.30665
0.111244,0.732817	0.0318326	1.30665
0.5392,0.288405	0.0318326	1.30665
0.933404,0.236514	0.0318326	1.30665
0.876688,0.962319	0.0318326	1.30665
0.111244,0.732817	0.0315142	1.30665
0.876688,0.962319	0.0315142	1.30665
0.933404,0.236514	0.0315142	1.30665
0.5392,0.288405	0.0315142	1.30665
0.111244,0.732817	0.0311991	1.30665
0.876688,0.962319	0.0311991	1.30665
0.933404,0.236514	0.0311991	1.30665
0.5392,0.288405	0.0311991	1.30665
0.5392,0.288405	0.0308871	1.30665
0.933404,0.236514	0.0308871	1.30665
0.876688,0.962319	0.0308871	1.30665
0.111244,0.732817	0.0308871	1.30665
0.876688,0.962319	0.0305782	1.30665
0.111244,0.732817	0.0305782	1.30665
0.5392,0.288405	0.0305782	1.30665
0.933404,0.236514	0.0305782	1.30665
0.5392,0.288405	0.0302725	1.30665
0.933404,0.236514	0.0302725	1.30665
0.876688,0.962319	0.0302725	1.30665
0.111244,0.732817	0.0302725	1.30665
0.876688,0.962319	0.0299697	1.30665
0.933404,0.236514	0.0299697	1.30665
0.5392,0.288405	0.0299697	1.30665
0.111244,0.732817	0.0299697	1.30665
0.876688,0.962319	0.02967	1.30665
0.933404,0.236514	0.02967	1.30665
0.5392,0.288405	0.02967	1.30665
0.111244,0.732817	0.02967	1.30665
0.5392,0.288405	0.0293733	1.30665
0.933404,0.236514	0.0293733	1.30665
0.876688,0.962319	0.0293733	1.30665
0.111244,0.732817	0.0293733	1.30665
0.876688,0.962319	0.0290796	1.30665
0.933404,0.236514	0.0290796	1.30665
0.5392,0.288405	0.0290796	1.30665
0.111244,0.732817	0.0290796	1.30665
0.876688,0.962319	0.0287888	1.30665
0.933404,0.236514	0.0287888	1.30665
0.5392,0.288405	0.0287888	1.30665
0.111244,0.732817	0.0287888	1.30665
0.876688,0.962319	0.0285009	1.30665
0.111244,0.732817	0.0285009	1.30665
0.5392,0.288405	0.0285009	1.30665
0.933404,0.236514	0.0285009	1.30665
0.876688,0.962319	0.0282159	1.30665
0.933404,0.236514	0.0282159	1.30665
0.5392,0.288405	0.0282159	1.30665
0.111244,0.732817	0.0282159	1.30665
0.876688,0.962319	0.0279338	1.30665
0.111244,0.732817	0.0279338	1.30665
0.5392,0.288405	0.0279338	1.30665
0.933404,0.236514	0.0279338	1.30665
0.5392,0.288405	0.0276544	1.30665
0.111244,0.732817	0.0276544	1.30665
0.876688,0.962319	0.0276544	1.30665
0.933404,0.236514	0.0276544	1.30665
0.876688,0.962319	0.0273779	1.30665
0.111244,0.732817	0.0273779	1.30665
0.5392,0.288405	0.0273779	1.30665
0.933404,0.236514	0.0273779	1.30665
0.5392,0.288405	0.0271041	1.30665
0.111244,0.732817	0.0271041	1.30665
0.876688,0.962319	0.0271041	1.30665
0.933404,0.236514	0.0271041	1.30665
0.876688,0.962319	0.0268331	1.30665
0.111244,0.732817	0.0268331	1.30665
0.5392,0.288405	0.0268331	1.30665
0.933404,0.236514	0.0268331	1.30665
0.876688,0.962319	0.0265647	1.30665
0.933404,0.236514	0.0265647	1.30665
0.5392,0.288405	0.0265647	1.30665
0.111244,0.732817	0.0265647	1.30665
0.876688,0.962319	0.0262991	1.30665
0.933404,0.236514	0.0262991	1.30665
0.5392,0.288405	0.0262991	1.30665
0.111244,0.732817	0.0262991	1.30665
0.876688,0.962319	0.0260361	1.30665
0.111244,0.732817	0.0260361	1.30665
0.5392,0.288405	0.0260361	1.30665
0.933404,0.236514	0.0260361	1.30665
0.876688,0.962319	0.0257757	1.30665
0.111244,0.732817	0.0257757	1.30665
0.5392,0.288405	0.0257757	1.30665
0.933404,0.236514	0.0257757	1.30665
0.876688,0.962319	0.025518	1.30665
0.111244,0.732817	0.025518	1.30665
0.5392,0.288405	0.025518	1.30665
0.933404,0.236514	0.025518	1.30665
0.5392,0.288405	0.0252628	1.30665
0.111244,0.732817	0.0252628	1.30665
0.876688,0.962319	0.0252628	1.30665
0.933404,0.236514	0.0252628	1.30665
0.876688,0.962319	0.0250102	1.30665
0.111244,0.732817	0.0250102	1.30665
0.5392,0.288405	0.0250102	1.30665
0.933404,0.236514	0.0250102	1.30665
0.5392,0.288405	0.0247601	1.30665
0.933404,0.236514	0.0247601	1.30665
0.876688,0.962319	0.0247601	1.30665
0.111244,0.732817	0.0247601	1.30665
0.5392,0.288405	0.0245125	1.30665
0.111244,0.732817	0.0245125	1.30665
0.876688,0.962319	0.0245125	1.30665
0.933404,0.236514	0.0245125	1.30665
0.5392,0.288405	0.0242673	1.30665
0.111244,0.732817	0.0242673	1.30665
0.876688,0.962319	0.0242673	1.30665
0.933404,0.236514	0.0242673	1.30665
0.876688,0.962319	0.0240247	1.30665
0.111244,0.732817	0.0240247	1.30665
0.5392,0.288405	0.0240247	1.30665
0.933404,0.236514	0.0240247	1.30665
0.5392,0.288405	0.0237844	1.30665
0.933404,0.236514	0.0237844	1.30665
0.876688,0.962319	0.0237844	1.30665
0.111244,0.732817	0.0237844	1.30665
0.5392,0.288405	0.0235466	1.30665
0.111244,0.732817	0.0235466	1.30665
0.876688,0.962319	0.0235466	1.30665
0.933404,0.236514	0.0235466	1.30665
0.876688,0.962319	0.0233111	1.30665
0.111244,0.732817	0.0233111	1.30665
0.5392,0.288405	0.0233111	1.30665
0.933404,0.236514	0.0233111	1.30665
0.876688,0.962319	0.023078	1.30665
0.111244,0.732817	0.023078	1.30665
0.5392,0.288405	0.023078	1.30665
0.933404,0.236514	0.023078	1.30665
0.5392,0.288405	0.0228472	1.30665
0.933404,0.236514	0.0228472	1.30665
0.876688,0.962319	0.0228472	1.30665
0.111244,0.732817	0.0228472	1.30665
0.876688,0.962319	0.0226187	1.30665
0.933404,0.236514	0.0226187	1.30665
0.5392,0.288405	0.0226187	1.30665
0.111244,0.732817	0.0226187	1.30665
0.876688,0.962319	0.0223926	1.30665
0.933404,0.236514	0.0223926	1.30665
0.5392,0.288405	0.0223926	1.30665
0.111244,0.732817	0.0223926	1.30665
0.876688,0.962319	0.0221686	1.30665
0.111244,0.732817	0.0221686	1.30665
0.5392,0.288405	0.0221686	1.30665
0.933404,0.236514	0.0221686	1.30665
0.5392,0.288405	0.0219469	1.30665
0.933404,0.236514	0.0219469	1.30665
0.876688,0.962319	0.0219469	1.30665
0.111244,0.732817	0.0219469	1.30665
0.876688,0.962319	0.0217275	1.30665
0.111244,0.732817	0.0217275	1.30665
0.5392,0.288405	0.0217275	1.30665
0.933404,0.236514	0.0217275	1.30665
0.5392,0.288405	0.0215102	1.30665
0.933404,0.236514	0.0215102	1.30665
0.876688,0.962319	0.0215102	1.30665
0.111244,0.732817	0.0215102	1.30665
0.876688,0.962319	0.0212951	1.30665
0.111244,0.732817	0.0212951	1.30665
0.5392,0.288405	0.0212951	1.30665
0.933404,0.236514	0.0212951	1.30665
0.5392,0.288405	0.0210821	1.30665
0.933404,0.236514	0.0210821	1.30665
0.876688,0.962319	0.0210821	1.30665
0.111244,0.732817	0.0210821	1.30665
0.876688,0.962319	0.0208713	1.30665
0.933404,0.236514	0.0208713	1.30665
0.5392,0.288405	0.0208713	1.30665
0.111244,0.732817	0.0208713	1.30665
0.5392,0.288405	0.0206626	1.30665
0.933404,0.236514	0.0206626	1.30665
0.876688,0.962319	0.0206626	1.30665
0.111244,0.732817	0.0206626	1.30665
0.5392,0.288405	0.020456	1.30665
0.111244,0.732817	0.020456	1.30665
0.876688,0.962319	0.020456	1.30665
0.933404,0.236514	0.020456	1.30665
0.876688,0.962319	0.0202514	1.30665
0.933404,0.236514	0.0202514	1.30665
0.5392,0.288405	0.0202514	1.30665
0.111244,0.732817	0.0202514	1.30665
0.876688,0.962319	0.0200489	1.30665
0.111244,0.732817	0.0200489	1.30665
0.5392,0.288405	0.0200489	1.30665
0.933404,0.236514	0.0200489	1.30665
0.876688,0.962319	0.0198484	1.30665
0.933404,0.236514	0.0198484	1.30665
0.5392,0.288405	0.0198484	1.30665
0.111244,0.732817	0.0198484	1.30665
0.5392,0.288405	0.0196499	1.30665
0.111244,0.732817	0.0196499	1.30665
0.876688,0.962319	0.0196499	1.30665
0.933404,0.236514	0.0196499	1.30665
0.876688,0.962319	0.0194534	1.30665
0.111244,0.732817	0.0194534	1.30665
0.5392,0.288405	0.0194534	1.30665
0.933404,0.236514	0.0194534	1.30665
0.5392,0.288405	0.0192589	1.30665
0.111244,0.732817	0.0192589	1.30665
0.876688,0.962319	0.0192589	1.30665
0.933404,0.236514	0.0192589	1.30665
0.876688,0.962319	0.0190663	1.30665
0.933404,0.236514	0.0190663	1.30665
0.5392,0.288405	0.0190663	1.30665
0.111244,0.732817	0.0190663	1.30665
0.876688,0.962319	0.0188756	1.30665
0.111244,0.732817	0.0188756	1.30665
0.5392,0.288405	0.0188756	1.30665
0.933404,0.236514	0.0188756	1.30665
0.876688,0.962319	0.0186869	1.30665
0.111244,0.732817	0.0186869	1.30665
0.5392,0.288405	0.0186869	1.30665
0.933404,0.236514	0.0186869	1.30665
0.5392,0.288405	0.0185	1.30665
0.933404,0.236514	0.0185	1.30665
0.876688,0.962319	0.0185	1.30665
0.111244,0.732817	0.0185	1.30665
0.876688,0.962319	0.018315	1.30665
0.933404,0.236514	0.018315	1.30665
0.5392,0.288405	0.018315	1.30665
0.111244,0.732817	0.018315	1.30665
0.876688,0.962319	0.0181319	1.30665
0.111244,0.732817	0.0181319	1.30665
0.5392,0.288405	0.0181319	1.30665
0.933404,0.236514	0.0181319	1.30665
0.5392,0.288405	0.0179506	1.30665
0.933404,0.236514	0.0179506	1.30665
0.876688,0.962319	0.0179506	1.30665
0.111244,0.732817	0.0179506	1.30665
0.876688,0.962319	0.017771	1.30665
0.111244,0.732817	0.017771	1.30665
0.5392,0.288405	0.017771	1.30665
0.933404,0.236514	0.017771	1.30665
0.876688,0.962319	0.0175933	1.30665
0.111244,0.732817	0.0175933	1.30665
0.5392,0.288405	0.0175933	1.30665
0.933404,0.236514	0.0175933	1.30665
0.5392,0.288405	0.0174174	1.30665
0.111244,0.732817	0.0174174	1.30665
0.876688,0.962319	0.0174174	1.30665
0.933404,0.236514	0.0174174	1.30665
0.5392,0.288405	0.0172432	1.30665
0.933404,0.236514	0.0172432	1.30665
0.876688,0.962319	0.0172432	1.30665
0.111244,0.732817	0.0172432	1.30665
0.876688,0.962319	0.0170708	1.30665
0.111244,0.732817	0.0170708	1.30665
0.5392,0.288405	0.0170708	1.30665
0.933404,0.236514	0.0170708	1.30665
0.5392,0.288405	0.0169001	1.30665
0.933404,0.236514	0.0169001	1.30665
0.876688,0.962319	0.0169001	1.30665
0.111244,0.732817	0.0169001	1.30665
0.876688,0.962319	0.0167311	1.30665
0.933404,0.236514	0.0167311	1.30665
0.5392,0.288405	0.0167311	1.30665
0.111244,0.732817	0.0167311	1.30665
0.876688,0.962319	0.0165638	1.30665
0.111244,0.732817	0.0165638	1.30665
0.5392,0.288405	0.0165638	1.30665
0.933404,0.236514	0.0165638	1.30665
0.876688,0.962319	0.0163981	1.30665
0.933404,0.236514	0.0163981	1.30665
0.5392,0.288405	0.0163981	1.30665
0.111244,0.732817	0.0163981	1.30665
0.876688,0.962319	0.0162342	1.30665
0.111244,0.732817	0.0162342	1.30665
0.5392,0.288405	0.0162342	1.30665
0.933404,0.236514	0.0162342	1.30665
0.876688,0.962319	0.0160718	1.30665
0.933404,0.236514	0.0160718	1.30665
0.5392,0.288405	0.0160718	1.30665
0.111244,0.732817	0.0160718	1.30665
0.876688,0.962319	0.0159111	1.30665
0.111244,0.732817	0.0159111	1.30665
0.5392,0.288405	0.0159111	1.30665
0.933404,0.236514	0.0159111	1.30665
0.5392,0.288405	0.015752	1.30665
0.933404,0.236514	0.015752	1.30665
0.876688,0.962319	0.015752	1.30665
0.111244,0.732817	0.015752	1.30665
0.876688,0.962319	0.0155945	1.30665
0.111244,0.732817	0.0155945	1.30665
0.5392,0.288405	0.0155945	1.30665
0.933404,0.236514	0.0155945	1.30665
0.876688,0.962319	0.0154385	1.30665
0.111244,0.732817	0.0154385	1.30665
0.5392,0.288405	0.0154385	1.30665
0.933404,0.236514	0.0154385	1.30665
0.5392,0.288405	0.0152841	1.30665
0.111244,0.732817	0.0152841	1.30665
0.876688,0.962319	0.0152841	1.30665
0.933404,0.236514	0.0152841	1.30665
0.876688,0.962319	0.0151313	1.30665
0.111244,0.732817	0.0151313	1.30665
0.5392,0.288405	0.0151313	1.30665
0.933404,0.236514	0.0151313	1.30665
0.876688,0.962319	0.01498	1.30665
0.933404,0.236514	0.01498	1.30665
0.5392,0.288405	0.01498	1.30665
0.111244,0.732817	0.01498	1.30665
0.876688,0.962319	0.0148302	1.30665
0.933404,0.236514	0.0148302	1.30665
0.5392,0.288405	0.0148302	1.30665
0.111244,0.732817	0.0148302	1.30665
0.876688,0.962319	0.0146819	1.30665
0.933404,0.236514	0.0146819	1.30665
0.5392,0.288405	0.0146819	1.30665
0.111244,0.732817	0.0146819	1.30665
0.876688,0.962319	0.0145351	1.30665
0.933404,0.236514	0.0145351	1.30665
0.5392,0.288405	0.0145351	1.30665
0.111244,0.732817	0.0145351	1.30665
0.876688,0.962319	0.0143897	1.30665
0.111244,0.732817	0.0143897	1.30665
0.5392,0.288405	0.0143897	1.30665
0.933404,0.236514	0.0143897	1.30665
0.5392,0.288405	0.0142458	1.30665
0.111244,0.732817	0.0142458	1.30665
0.876688,0.962319	0.0142458	1.30665
0.933404,0.236514	0.0142458	1.30665
0.876688,0.962319	0.0141034	1.30665
0.111244,0.732817	0.0141034	1.30665
0.5392,0.288405	0.0141034	1.30665
0.933404,0.236514	0.0141034	1.30665
0.5392,0.288405	0.0139623	1.30665
0.933404,0.236514	0.0139623	1.30665
0.876688,0.962319	0.0139623	1.30665
0.111244,0.732817	0.0139623	1.30665
0.5392,0.288405	0.0138227	1.30665
0.111244,0.732817	0.0138227	1.30665
0.876688,0.962319	0.0138227	1.30665
0.933404,0.236514	0.0138227	1.30665
0.5392,0.288405	0.0136845	1.30665
0.111244,0.732817	0.0136845	1.30665
0.876688,0.962319	0.0136845	1.30665
0.933404,0.236514	0.0136845	1.30665
0.876688,0.962319	0.0135476	1.30665
0.933404,0.236514	0.0135476	1.30665
0.5392,0.288405	0.0135476	1.30665
0.111244,0.732817	0.0135476	1.30665
0.876688,0.962319	0.0134122	1.30665
0.111244,0.732817	0.0134122	1.30665
0.5392,0.288405	0.0134122	1.30665
0.933404,0.236514	0.0134122	1.30665
0.5392,0.288405	0.013278	1.30665
0.111244,0.732817	0.013278	1.30665
0.876688,0.962319	0.013278	1.30665
0.933404,0.236514	0.013278	1.30665
0.876688,0.962319	0.0131453	1.30665
0.111244,0.732817	0.0131453	1.30665
0.5392,0.288405	0.0131453	1.30665
0.933404,0.236514	0.0131453	1.30665
0.5392,0.288405	0.0130138	1.30665
0.933404,0.236514	0.0130138	1.30665
0.876688,0.962319	0.0130138	1.30665
0.111244,0.732817	0.0130138	1.30665
0.876688,0.962319	0.0128837	1.30665
0.111244,0.732817	0.0128837	1.30665
0.5392,0.288405	0.0128837	1.30665
0.933404,0.236514	0.0128837	1.30665
0.5392,0.288405	0.0127548	1.30665
0.111244,0.732817	0.0127548	1.30665
0.876688,0.962319	0.0127548	1.30665
0.933404,0.236514	0.0127548	1.30665
0.876688,0.962319	0.0126273	1.30665
0.933404,0.236514	0.0126273	1.30665
0.5392,0.288405	0.0126273	1.30665
0.111244,0.732817	0.0126273	1.30665
0.5392,0.288405	0.012501	1.30665
0.933404,0.236514	0.012501	1.30665
0.876688,0.962319	0.012501	1.30665
0.111244,0.732817	0.012501	1.30665
0.5392,0.288405	0.012376	1.30665
0.933404,0.236514	0.012376	1.30665
0.876688,0.962319	0.012376	1.30665
0.111244,0.732817	0.012376	1.30665
0.5392,0.288405	0.0122522	1.30665
0.933404,0.236514	0.0122522	1.30665
0.876688,0.962319	0.0122522	1.30665
0.111244,0.732817	0.0122522	1.30665
0.876688,0.962319	0.0121297	1.30665
0.933404,0.236514	0.0121297	1.30665
0.5392,0.288405	0.0121297	1.30665
0.111244,0.732817	0.0121297	1.30665
0.876688,0.962319	0.0120084	1.30665
0.933404,0.236514	0.0120084	1.30665
0.5392,0.288405	0.0120084	1.30665
0.111244,0.732817	0.0120084	1.30665
0.5392,0.288405	0.0118883	1.30665
0.111244,0.732817	0.0118883	1.30665
0.876688,0.962319	0.0118883	1.30665
0.933404,0.236514	0.0118883	1.30665
0.5392,0.288405	0.0117694	1.30665
0.111244,0.732817	0.0117694	1.30665
0.876688,0.962319	0.0117694	1.30665
0.933404,0.236514	0.0117694	1.30665
0.5392,0.288405	0.0116518	1.30665
0.111244,0.732817	0.0116518	1.30665
0.876688,0.962319	0.0116518	1.30665
0.933404,0.236514	0.0116518	1.30665
0.5392,0.288405	0.0115352	1.30665
0.933404,0.236514	0.0115352	1.30665
0.876688,0.962319	0.0115352	1.30665
0.111244,0.732817	0.0115352	1.30665
0.5392,0.288405	0.0114199	1.30665
0.111244,0.732817	0.0114199	1.30665
0.876688,0.962319	0.0114199	1.30665
0.933404,0.236514	0.0114199	1.30665
0.5392,0.288405	0.0113057	1.30665
0.933404,0.236514	0.0113057	1.30665
0.876688,0.962319	0.0113057	1.30665
0.111244,0.732817	0.0113057	1.30665
0.876688,0.962319	0.0111926	1.30665
0.111244,0.732817	0.0111926	1.30665
0.5392,0.288405	0.0111926	1.30665
0.933404,0.236514	0.0111926	1.30665
0.5392,0.288405	0.0110807	1.30665
0.933404,0.236514	0.0110807	1.30665
0.876688,0.962319	0.0110807	1.30665
0.111244,0.732817	0.0110807	1.30665
0.5392,0.288405	0.0109699	1.30665
0.111244,0.732817	0.0109699	1.30665
0.876688,0.962319	0.0109699	1.30665
0.933404,0.236514	0.0109699	1.30665
0.5392,0.288405	0.0108602	1.30665
0.933404,0.236514	0.0108602	1.30665
0.876688,0.962319	0.0108602	1.30665
0.111244,0.732817	0.0108602	1.30665
0.5392,0.288405	0.0107516	1.30665
0.111244,0.732817	0.0107516	1.30665
0.876688,0.962319	0.0107516	1.30665
0.933404,0.236514	0.0107516	1.30665
0.5392,0.288405	0.0106441	1.30665
0.111244,0.732817	0.0106441	1.30665
0.876688,0.962319	0.0106441	1.30665
0.933404,0.236514	0.0106441	1.30665
0.5392,0.288405	0.0105376	1.30665
0.933404,0.236514	0.0105376	1.30665
0.876688,0.962319	0.0105376	1.30665
0.111244,0.732817	0.0105376	1.30665
0.876688,0.962319	0.0104323	1.30665
0.933404,0.236514	0.0104323	1.30665
0.5392,0.288405	0.0104323	1.30665
0.111244,0.732817	0.0104323	1.30665
0.5392,0.288405	0.0103279	1.30665
0.933404,0.236514	0.0103279	1.30665
0.876688,0.962319	0.0103279	1.30665
0.111244,0.732817	0.0103279	1.30665
0.876688,0.962319	0.0102247	1.30665
0.111244,0.732817	0.0102247	1.30665
0.5392,0.288405	0.0102247	1.30665
0.933404,0.236514	0.0102247	1.30665
0.5392,0.288405	0.0101224	1.30665
0.111244,0.732817	0.0101224	1.30665
0.876688,0.962319	0.0101224	1.30665
0.933404,0.236514	0.0101224	1.30665
0.5392,0.288405	0.0100212	1.30665
0.933404,0.236514	0.0100212	1.30665
0.876688,0.962319	0.0100212	1.30665
0.111244,0.732817	0.0100212	1.30665
0.876688,0.962319	0.00992097	1.30665
0.111244,0.732817	0.00992097	1.30665
0.5392,0.288405	0.00992097	1.30665
0.933404,0.236514	0.00992097	1.30665
0.5392,0.288405	0.00982176	1.30665
0.933404,0.236514	0.00982176	1.30665
0.876688,0.962319	0.00982176	1.30665
0.111244,0.732817	0.00982176	1.30665
0.876688,0.962319	0.00972355	1.30665
0.111244,0.732817	0.00972355	1.30665
0.5392,0.288405	0.00972355	1.30665
0.933404,0.236514	0.00972355	1.30665
0.5392,0.288405	0.00962631	1.30665
0.933404,0.236514	0.00962631	1.30665
0.876688,0.962319	0.00962631	1.30665
0.111244,0.732817	0.00962631	1.30665
0.876688,0.962319	0.00953005	1.30665
0.933404,0.236514	0.00953005	1.30665
0.5392,0.288405	0.00953005	1.30665
0.111244,0.732817	0.00953005	1.30665
0.5392,0.288405	0.00943475	1.30665
0.111244,0.732817	0.00943475	1.30665
0.876688,0.962319	0.00943475	1.30665
0.933404,0.236514	0.00943475	1.30665
0.876688,0.962319	0.0093404	1.30665
0.933404,0.236514	0.0093404	1.30665
0.5392,0.288405	0.0093404	1.30665
0.111244,0.732817	0.0093404	1.30665
0.876688,0.962319	0.009247	1.30665
0.933404,0.236514	0.009247	1.30665
0.5392,0.288405	0.009247	1.30665
0.111244,0.732817	0.009247	1.30665
0.5392,0.288405	0.00915453	1.30665
0.933404,0.236514	0.00915453	1.30665
0.876688,0.962319	0.00915453	1.30665
0.111244,0.732817	0.00915453	1.30665
0.5392,0.288405	0.00906298	1.30665
0.933404,0.236514	0.00906298	1.30665
0.876688,0.962319	0.00906298	1.30665
0.111244,0.732817	0.00906298	1.30665
0.876688,0.962319	0.00897235	1.30665
0.111244,0.732817	0.00897235	1.30665
0.5392,0.288405	0.00897235	1.30665
0.933404,0.236514	0.00897235	1.30665
0.876688,0.962319	0.00888263	1.30665
0.111244,0.732817	0.00888263	1.30665
0.5392,0.288405	0.00888263	1.30665
0.933404,0.236514	0.00888263	1.30665
0.876688,0.962319	0.0087938	1.30665
0.933404,0.236514	0.0087938	1.30665
0.5392,0.288405	0.0087938	1.30665
0.111244,0.732817	0.0087938	1.30665
0.5392,0.288405	0.00870586	1.30665
0.111244,0.732817	0.00870586	1.30665
0.876688,0.962319	0.00870586	1.30665
0.933404,0.236514	0.00870586	1.30665
0.876688,0.962319	0.0086188	1.30665
0.111244,0.732817	0.0086188	1.30665
0.5392,0.288405	0.0086188	1.30665
0.933404,0.236514	0.0086188	1.30665
0.876688,0.962319	0.00853262	1.30665
0.933404,0.236514	0.00853262	1.30665
0.5392,0.288405	0.00853262	1.30665
0.111244,0.732817	0.00853262	1.30665
0.876688,0.962319	0.00844729	1.30665
0.933404,0.236514	0.00844729	1.30665
0.5392,0.288405	0.00844729	1.30665
0.111244,0.732817	0.00844729	1.30665
0.5392,0.288405	0.00836282	1.30665
0.933404,0.236514	0.00836282	1.30665
0.876688,0.962319	0.00836282	1.30665
0.111244,0.732817	0.00836282	1.30665
0.5392,0.288405	0.00827919	1.30665
0.111244,0.732817	0.00827919	1.30665
0.876688,0.962319	0.00827919	1.30665
0.933404,0.236514	0.00827919	1.30665
0.876688,0.962319	0.0081964	1.30665
0.933404,0.236514	0.0081964	1.30665
0.5392,0.288405	0.0081964	1.30665
0.111244,0.732817	0.0081964	1.30665
0.876688,0.962319	0.00811443	1.30665
0.111244,0.732817	0.00811443	1.30665
0.5392,0.288405	0.00811443	1.30665
0.933404,0.236514	0.00811443	1.30665
0.876688,0.962319	0.00803329	1.30665
0.111244,0.732817	0.00803329	1.30665
0.5392,0.288405	0.00803329	1.30665
0.933404,0.236514	0.00803329	1.30665
0.5392,0.288405	0.00795296	1.30665
0.111244,0.732817	0.00795296	1.30665
0.876688,0.962319	0.00795296	1.30665
0.933404,0.236514	0.00795296	1.30665
0.876688,0.962319	0.00787343	1.30665
0.933404,0.236514	0.00787343	1.30665
0.5392,0.288405	0.00787343	1.30665
0.111244,0.732817	0.00787343	1.30665
0.876688,0.962319	0.00779469	1.30665
0.933404,0.236514	0.00779469	1.30665
0.5392,0.288405	0.00779469	1.30665
0.111244,0.732817	0.00779469	1.30665
0.5392,0.288405	0.00771675	1.30665
0.933404,0.236514	0.00771675	1.30665
0.876688,0.962319	0.00771675	1.30665
0.111244,0.732817	0.00771675	1.30665
0.876688,0.962319	0.00763958	1.30665
0.933404,0.236514	0.00763958	1.30665
0.5392,0.288405	0.00763958	1.30665
0.111244,0.732817	0.00763958	1.30665
0.876688,0.962319	0.00756318	1.30665
0.933404,0.236514	0.00756318	1.30665
0.5392,0.288405	0.00756318	1.30665
0.111244,0.732817	0.00756318	1.30665
0.5392,0.288405	0.00748755	1.30665
0.111244,0.732817	0.00748755	1.30665
0.876688,0.962319	0.00748755	1.30665
0.933404,0.236514	0.00748755	1.30665
0.5392,0.288405	0.00741268	1.30665
0.111244,0.732817	0.00741268	1.30665
0.876688,0.962319	0.00741268	1.30665
0.933404,0.236514	0.00741268	1.30665
0.5392,0.288405	0.00733855	1.30665
0.111244,0.732817	0.00733855	1.30665
0.876688,0.962319	0.00733855	1.30665
0.933404,0.236514	0.00733855	1.30665
0.5392,0.288405	0.00726516	1.30665
0.111244,0.732817	0.00726516	1.30665
0.876688,0.962319	0.00726516	1.30665
0.933404,0.236514	0.00726516	1.30665
0.5392,0.288405	0.00719251	1.30665
0.933404,0.236514	0.00719251	1.30665
0.876688,0.962319	0.00719251	1.30665
0.111244,0.732817	0.00719251	1.30665
0.5392,0.288405	0.00712059	1.30665
0.111244,0.732817	0.00712059	1.30665
0.876688,0.962319	0.00712059	1.30665
0.933404,0.236514	0.00712059	1.30665
0.5392,0.288405	0.00704938	1.30665
0.111244,0.732817	0.00704938	1.30665
0.876688,0.962319	0.00704938	1.30665
0.933404,0.236514	0.00704938	1.30665
0.876688,0.962319	0.00697889	1.30665
0.111244,0.732817	0.00697889	1.30665
0.5392,0.288405	0.00697889	1.30665
0.933404,0.236514	0.00697889	1.30665
0.5392,0.288405	0.0069091	1.30665
0.933404,0.236514	0.0069091	1.30665
0.876688,0.962319	0.0069091	1.30665
0.111244,0.732817	0.0069091	1.30665
0.876688,0.962319	0.00684001	1.30665
0.933404,0.236514	0.00684001	1.30665
0.5392,0.288405	0.00684001	1.30665
0.111244,0.732817	0.00684001	1.30665
0.5392,0.288405	0.00677161	1.30665
0.933404,0.236514	0.00677161	1.30665
0.876688,0.962319	0.00677161	1.30665
0.111244,0.732817	0.00677161	1.30665
0.5392,0.288405	0.00670389	1.30665
0.933404,0.236514	0.00670389	1.30665
0.876688,0.962319	0.00670389	1.30665
0.111244,0.732817	0.00670389	1.30665
0.5392,0.288405	0.00663685	1.30665
0.933404,0.236514	0.00663685	1.30665
0.876688,0.962319	0.00663685	1.30665
0.111244,0.732817	0.00663685	1.30665
0.5392,0.288405	0.00657048	1.30665
0.933404,0.236514	0.00657048	1.30665
0.876688,0.962319	0.00657048	1.30665
0.111244,0.732817	0.00657048	1.30665
0.876688,0.962319	0.00650478	1.30665
0.111244,0.732817	0.00650478	1.30665
0.5392,0.288405	0.00650478	1.30665
0.933404,0.236514	0.00650478	1.30665
0.5392,0.288405	0.00643973	1.30665
0.933404,0.236514	0.00643973	1.30665
0.876688,0.962319	0.00643973	1.30665
0.111244,0.732817	0.00643973	1.30665
0.5392,0.288405	0.00637533	1.30665
0.933404,0.236514	0.00637533	1.30665
0.876688,0.962319	0.00637533	1.30665
0.111244,0.732817	0.00637533	1.30665
0.5392,0.288405	0.00631158	1.30665
0.933404,0.236514	0.00631158	1.30665
0.876688,0.962319	0.00631158	1.30665
0.111244,0.732817	0.00631158	1.30665
0.5392,0.288405	0.00624846	1.30665
0.933404,0.236514	0.00624846	1.30665
0.876688,0.962319	0.00624846	1.30665
0.111244,0.732817	0.00624846	1.30665
0.5392,0.288405	0.00618598	1.30665
0.111244,0.732817	0.00618598	1.30665
0.876688,0.962319	0.00618598	1.30665
0.933404,0.236514	0.00618598	1.30665
0.5392,0.288405	0.00612412	1.30665
0.933404,0.236514	0.00612412	1.30665
0.876688,0.962319	0.00612412	1.30665
0.111244,0.732817	0.00612412	1.30665
0.5392,0.288405	0.00606288	1.30665
0.933404,0.236514	0.00606288	1.30665
0.876688,0.962319	0.00606288	1.30665
0.111244,0.732817	0.00606288	1.30665
0.876688,0.962319	0.00600225	1.30665
0.933404,0.236514	0.00600225	1.30665
0.5392,0.288405	0.00600225	1.30665
0.111244,0.732817	0.00600225	1.30665
0.5392,0.288405	0.00594223	1.30665
0.933404,0.236514	0.00594223	1.30665
0.876688,0.962319	0.00594223	1.30665
0.111244,0.732817	0.00594223	1.30665
0.876688,0.962319	0.0058828	1.30665
0.111244,0.732817	0.0058828	1.30665
0.5392,0.288405	0.0058828	1.30665
0.933404,0.236514	0.0058828	1.30665
0.876688,0.962319	0.00582398	1.30665
0.111244,0.732817	0.00582398	1.30665
0.5392,0.288405	0.00582398	1.30665
0.933404,0.236514	0.00582398	1.30665
0.5392,0.288405	0.00576574	1.30665
0.933404,0.236514	0.00576574	1.30665
0.876688,0.962319	0.00576574	1.30665
0.111244,0.732817	0.00576574	1.30665
0.5392,0.288405	0.00570808	1.30665
0.933404,0.236514	0.00570808	1.30665
0.876688,0.962319	0.00570808	1.30665
0.111244,0.732817	0.00570808	1.30665
0.876688,0.962319	0.005651	1.30665
0.111244,0.732817	0.005651	1.30665
0.5392,0.288405	0.005651	1.30665
0.933404,0.236514	0.005651	1.30665
0.5392,0.288405	0.00559449	1.30665
0.111244,0.732817	0.00559449	1.30665
0.876688,0.962319	0.00559449	1.30665
0.933404,0.236514	0.00559449	1.30665
0.5392,0.288405	0.00553854	1.30665
0.111244,0.732817	0.00553854	1.30665
0.876688,0.962319	0.00553854	1.30665
0.933404,0.236514	0.00553854	1.30665
0.5392,0.288405	0.00548316	1.30665
0.111244,0.732817	0.00548316	1.30665
0.876688,0.962319	0.00548316	1.30665
0.933404,0.236514	0.00548316	1.30665
0.876688,0.962319	0.00542833	1.30665
0.933404,0.236514	0.00542833	1.30665
0.5392,0.288405	0.00542833	1.30665
0.111244,0.732817	0.00542833	1.30665
0.5392,0.288405	0.00537404	1.30665
0.933404,0.236514	0.00537404	1.30665
0.876688,0.962319	0.00537404	1.30665
0.111244,0.732817	0.00537404	1.30665
0.5392,0.288405	0.0053203	1.30665
0.111244,0.732817	0.0053203	1.30665
0.876688,0.962319	0.0053203	1.30665
0.933404,0.236514	0.0053203	1.30665
0.5392,0.288405	0.0052671	1.30665
0.933404,0.236514	0.0052671	1.30665
0.876688,0.962319	0.0052671	1.30665
0.111244,0.732817	0.0052671	1.30665
0.5392,0.288405	0.00521443	1.30665
0.111244,0.732817	0.00521443	1.30665
0.876688,0.962319	0.00521443	1.30665
0.933404,0.236514	0.00521443	1.30665
0.876688,0.962319	0.00516228	1.30665
0.933404,0.236514	0.00516228	1.30665
0.5392,0.288405	0.00516228	1.30665
0.111244,0.732817	0.00516228	1.30665
0.5392,0.288405	0.00511066	1.30665
0.933404,0.236514	0.00511066	1.30665
0.876688,0.962319	0.00511066	1.30665
0.111244,0.732817	0.00511066	1.30665
0.5392,0.288405	0.00505956	1.30665
0.111244,0.732817	0.00505956	1.30665
0.876688,0.962319	0.00505956	1.30665
0.933404,0.236514	0.00505956	1.30665
0.876688,0.962319	0.00500896	1.30665
0.933404,0.236514	0.00500896	1.30665
0.5392,0.288405	0.00500896	1.30665
0.111244,0.732817	0.00500896	1.30665
0.5392,0.288405	0.00495887	1.30665
0.933404,0.236514	0.00495887	1.30665
0.876688,0.962319	0.00495887	1.30665
0.111244,0.732817	0.00495887	1.30665
